# Migration is number of nodes that have changed color.

Round		Edge-Cut		Swaps		Migrations		Skipped
0		6587		4583		2782
1		5713		8975		3073
2		5268		13316		3194
3		4919		17562		3247
4		4618		21785		3305
5		4443		26000		3313
6		4338		30216		3335
7		4170		34427		3325
8		4016		38635		3341
9		3887		42850		3341
10		3768		47011		3344
11		3634		51127		3365
12		3526		55248		3359
13		3498		59366		3374
14		3398		63456		3378
15		3304		67551		3403
16		3204		71637		3401
17		3218		75728		3410
18		3181		79786		3406
19		3149		83882		3376
20		3116		87948		3382
21		3040		92070		3373
22		2925		96141		3398
23		2974		100187		3399
24		2824		104251		3424
25		2782		108309		3406
26		2678		112365		3402
27		2700		116439		3406
28		2712		120500		3403
29		2712		124533		3403
30		2743		128556		3406
31		2677		132572		3382
32		2700		136624		3406
33		2703		140619		3399
34		2656		144641		3368
35		2642		148639		3391
36		2589		152683		3420
37		2604		156737		3415
38		2611		160799		3411
39		2573		164851		3417
40		2576		168902		3411
41		2559		172937		3416
42		2516		176955		3411
43		2499		180954		3406
44		2500		184949		3400
45		2473		188944		3419
46		2468		192993		3427
47		2466		197011		3433
48		2472		201046		3434
49		2425		205080		3423
50		2398		209120		3430
51		2375		213116		3447
52		2360		217110		3454
53		2332		221125		3456
54		2346		225090		3463
55		2349		229114		3441
56		2345		233140		3441
57		2334		237109		3450
58		2317		241083		3449
59		2291		245071		3436
60		2285		249086		3442
61		2241		253122		3450
62		2215		257146		3425
63		2180		261117		3445
64		2213		265094		3461
65		2211		269089		3440
66		2193		273088		3455
67		2204		277062		3451
68		2209		281094		3448
69		2221		285087		3461
70		2156		289109		3462
71		2149		293137		3461
72		2103		297127		3467
73		2130		301138		3478
74		2145		305125		3474
75		2151		309092		3474
76		2122		313082		3461
77		2168		317093		3463
78		2161		321060		3470
79		2131		324994		3459
80		2150		328996		3458
81		2111		332975		3469
82		2079		337010		3478
83		2060		341014		3454
84		2015		344925		3462
85		2001		348899		3463
86		2000		352893		3471
87		1956		356872		3462
88		1858		360819		3455
89		1859		364804		3465
90		1858		368822		3460
91		1817		372766		3456
92		1804		376716		3455
93		1798		380705		3466
94		1803		384652		3460
95		1770		388586		3454
96		1763		392559		3456
97		1778		396532		3439
98		1753		400470		3463
99		1734		404405		3464
100		1706		408366		3461
101		1643		412359		3444
102		1650		416282		3456
103		1642		420229		3470
104		1633		424126		3481
105		1599		428115		3489
106		1618		432051		3495
107		1572		435961		3483
108		1578		439926		3483
109		1593		443866		3471
110		1627		447816		3478
111		1614		451764		3497
112		1579		455726		3488
113		1544		459635		3495
114		1571		463531		3489
115		1564		467412		3489
116		1578		471349		3489
117		1581		475244		3474
118		1570		479174		3474
119		1554		483104		3472
120		1575		487056		3471
121		1571		490967		3463
122		1514		494873		3475
123		1500		498808		3463
124		1516		502744		3472
125		1527		506656		3473
126		1509		510629		3477
127		1505		514557		3482
128		1505		518532		3485
129		1504		522446		3478
130		1490		526363		3479
131		1479		530245		3484
132		1480		534170		3469
133		1455		538097		3469
134		1464		542018		3464
135		1480		545973		3460
136		1493		549873		3454
137		1472		553797		3454
138		1443		557707		3464
139		1449		561685		3463
140		1407		565613		3478
141		1409		569510		3484
142		1390		573392		3475
143		1387		577349		3480
144		1379		581332		3478
145		1365		585266		3473
146		1360		589212		3468
147		1367		593135		3463
148		1374		597016		3469
149		1382		600971		3477
150		1377		604881		3479
151		1372		608813		3478
152		1353		612771		3480
153		1383		616697		3474
154		1373		620600		3465
155		1379		624489		3462
156		1370		628408		3475
157		1369		632343		3469
158		1368		636259		3479
159		1363		640186		3473
160		1359		644093		3479
161		1352		647957		3482
162		1343		651843		3478
163		1360		655754		3482
164		1352		659654		3474
165		1356		663571		3475
166		1359		667494		3474
167		1351		671372		3480
168		1326		675266		3478
169		1302		679184		3471
170		1291		683062		3469
171		1273		686941		3473
172		1248		690861		3473
173		1246		694743		3465
174		1253		698620		3470
175		1237		702507		3465
176		1217		706406		3462
177		1224		710313		3465
178		1224		714221		3473
179		1239		718099		3473
180		1240		721975		3473
181		1239		725866		3471
182		1240		729761		3470
183		1240		733676		3484
184		1243		737619		3485
185		1248		741511		3487
186		1252		745403		3482
187		1246		749286		3486
188		1248		753226		3488
189		1233		757116		3489
190		1239		761037		3487
191		1247		764972		3486
192		1252		768908		3484
193		1252		772822		3477
194		1249		776680		3472
195		1254		780576		3468
196		1248		784456		3468
197		1240		788359		3476
198		1236		792275		3476
199		1221		796180		3471
200		1217		800088		3474
201		1201		803946		3472
202		1202		807798		3474
203		1191		811683		3476
204		1180		815558		3478
205		1173		819471		3476
206		1168		823368		3475
207		1163		827242		3477
208		1170		831159		3483
209		1170		835070		3484
210		1166		838943		3478
211		1158		842782		3476
212		1155		846733		3476
213		1154		850605		3467
214		1153		854514		3474
215		1157		858400		3477
216		1156		862305		3476
217		1148		866188		3477
218		1150		870029		3479
219		1146		873912		3481
220		1143		877796		3478
221		1135		881687		3475
222		1128		885610		3475
223		1120		889504		3467
224		1120		893364		3470
225		1119		897251		3473
226		1118		901101		3470
227		1113		904995		3470
228		1108		908937		3472
229		1102		912790		3471
230		1099		916716		3473
231		1099		920584		3472
232		1102		924425		3469
233		1102		928319		3469
234		1091		932180		3472
235		1083		936078		3476
236		1080		940026		3475
237		1077		943924		3475
238		1079		947781		3479
239		1082		951686		3477
240		1083		955547		3479
241		1082		959457		3482
242		1077		963343		3480
243		1075		967208		3479
244		1076		971123		3481
245		1072		975007		3483
246		1073		978886		3488
247		1074		982724		3480
248		1075		986605		3480
249		1070		990443		3482
250		1069		994321		3483
251		1075		998231		3482
252		1077		1002077		3486
253		1076		1005979		3490
254		1078		1009879		3491
255		1080		1013723		3495
256		1071		1017592		3489
257		1069		1021491		3483
258		1062		1025325		3483
259		1066		1029211		3481
260		1062		1033066		3478
261		1063		1037002		3481
262		1065		1040899		3481
263		1064		1044756		3483
264		1064		1048624		3482
265		1059		1052492		3479
266		1059		1056330		3479
267		1059		1060205		3477
268		1056		1064140		3477
269		1056		1068027		3479
270		1055		1071945		3480
271		1048		1075812		3479
272		1047		1079720		3481
273		1045		1083580		3478
274		1042		1087472		3475
275		1034		1091343		3472
276		1032		1095195		3470
277		1033		1099066		3471
278		1027		1102899		3467
279		1025		1106765		3469
280		1020		1110648		3467
281		1020		1114510		3470
282		1014		1118364		3467
283		1012		1122268		3466
284		1010		1126174		3464
285		1000		1130042		3462
286		995		1133907		3464
287		993		1137805		3469
288		991		1141669		3467
289		991		1145586		3467
290		988		1149457		3468
291		988		1153296		3467
292		986		1157216		3468
293		986		1161088		3468
294		982		1164986		3467
295		982		1168873		3466
296		982		1172748		3467
297		981		1176649		3465
298		981		1180530		3465
299		981		1184407		3467
300		980		1188341		3467
301		982		1192202		3468
302		982		1196095		3468
303		982		1199947		3468
304		982		1203879		3469
305		980		1207757		3469
306		980		1211606		3467
307		980		1215442		3467
308		980		1219268		3466
309		979		1223112		3470
310		978		1226973		3471
311		978		1230886		3471
312		976		1234753		3479
313		976		1238632		3479
314		975		1242521		3481
315		975		1246391		3481
316		975		1250263		3483
317		975		1254169		3482
318		974		1258077		3483
319		970		1261940		3483
320		970		1265844		3482
321		968		1269733		3480
322		967		1273568		3481
323		967		1277430		3481
324		967		1281314		3479
325		966		1285171		3482
326		968		1289115		3482
327		965		1293007		3483
328		965		1296865		3484
329		963		1300731		3481
330		963		1304645		3481
331		961		1308548		3481
332		961		1312413		3480
333		958		1316281		3481
334		958		1316281		3481
335		958		1316281		3481
336		958		1316281		3481
337		958		1316281		3481
338		954		1316283		3480
339		954		1316283		3480
340		955		1316284		3480
341		955		1316284		3480
342		955		1316284		3480
343		955		1316284		3480
344		954		1316285		3479
345		954		1316285		3479
346		954		1316285		3479
347		952		1316286		3478
348		952		1316286		3478
349		952		1316286		3478
350		952		1316286		3478
351		952		1316286		3478
352		952		1316286		3478
353		952		1316286		3478
354		952		1316286		3478
355		952		1316286		3478
356		951		1316287		3478
357		951		1316287		3478
358		951		1316287		3478
359		951		1316287		3478
360		949		1316288		3478
361		944		1316290		3480
362		944		1316290		3480
363		944		1316290		3480
364		944		1316290		3480
365		944		1316290		3480
366		944		1316290		3480
367		944		1316290		3480
368		944		1316290		3480
369		944		1316290		3480
370		944		1316290		3480
371		944		1316290		3480
372		944		1316290		3480
373		944		1316290		3480
374		943		1316291		3480
375		943		1316291		3480
376		943		1316291		3480
377		943		1316291		3480
378		943		1316291		3480
379		943		1316291		3480
380		943		1316291		3480
381		943		1316291		3480
382		943		1316291		3480
383		943		1316291		3480
384		943		1316291		3480
385		941		1316292		3479
386		941		1316292		3479
387		941		1316292		3479
388		941		1316292		3479
389		941		1316292		3479
390		941		1316292		3479
391		941		1316292		3479
392		941		1316292		3479
393		941		1316292		3479
394		941		1316292		3479
395		941		1316292		3479
396		941		1316292		3479
397		941		1316292		3479
398		941		1316292		3479
399		941		1316292		3479
400		941		1316292		3479
401		977		1320198		3485
402		991		1324070		3491
403		1021		1327937		3494
404		1055		1331871		3490
405		1079		1335719		3490
406		1098		1339659		3492
407		1124		1343608		3496
408		1170		1347541		3491
409		1204		1351475		3482
410		1194		1355365		3486
411		1191		1359277		3491
412		1210		1363223		3490
413		1222		1367164		3492
414		1213		1371091		3491
415		1223		1375009		3492
416		1241		1378927		3485
417		1263		1382860		3490
418		1285		1386801		3483
419		1298		1390764		3474
420		1322		1394687		3474
421		1352		1398537		3486
422		1355		1402475		3475
423		1332		1406425		3480
424		1371		1410355		3479
425		1362		1414283		3476
426		1359		1418220		3474
427		1400		1422137		3478
428		1413		1426055		3482
429		1372		1430034		3484
430		1390		1433969		3474
431		1396		1437914		3478
432		1389		1441870		3488
433		1443		1445823		3485
434		1469		1449776		3481
435		1492		1453751		3481
436		1471		1457725		3491
437		1453		1461656		3471
438		1458		1465594		3481
439		1456		1469567		3482
440		1425		1473511		3485
441		1453		1477415		3487
442		1440		1481365		3497
443		1429		1485305		3503
444		1423		1489268		3491
445		1441		1493224		3483
446		1413		1497156		3480
447		1410		1501101		3478
448		1430		1505081		3476
449		1422		1509007		3469
450		1422		1512931		3470
451		1354		1516891		3475
452		1364		1520862		3470
453		1386		1524794		3473
454		1410		1528738		3473
455		1430		1532634		3477
456		1433		1536568		3490
457		1432		1540510		3493
458		1431		1544477		3490
459		1430		1548432		3485
460		1422		1552372		3493
461		1425		1556337		3492
462		1443		1560253		3495
463		1415		1564159		3488
464		1431		1568121		3486
465		1425		1572080		3484
466		1416		1576026		3488
467		1401		1579939		3488
468		1419		1583875		3493
469		1436		1587789		3492
470		1418		1591680		3499
471		1441		1595652		3489
472		1421		1599585		3498
473		1407		1603562		3496
474		1429		1607482		3486
475		1442		1611426		3495
476		1416		1615338		3496
477		1425		1619315		3466
478		1397		1623298		3463
479		1366		1627254		3467
480		1348		1631201		3456
481		1307		1635141		3469
482		1293		1639111		3459
483		1289		1643011		3459
484		1259		1646971		3474
485		1265		1650881		3470
486		1267		1654850		3470
487		1263		1658763		3473
488		1277		1662713		3485
489		1272		1666651		3476
490		1264		1670575		3475
491		1254		1674489		3486
492		1245		1678449		3490
493		1240		1682371		3493
494		1228		1686341		3482
495		1216		1690245		3491
496		1211		1694173		3493
497		1214		1698147		3488
498		1237		1702103		3483
499		1249		1706022		3477
500		1218		1709931		3478
501		1227		1713858		3488
502		1184		1717790		3487
503		1198		1721677		3483
504		1171		1725612		3489
505		1155		1729533		3481
506		1147		1733425		3479
507		1167		1737354		3482
508		1190		1741281		3488
509		1199		1745223		3486
510		1178		1749123		3484
511		1190		1753063		3486
512		1162		1756997		3482
513		1142		1760922		3485
514		1129		1764801		3483
515		1145		1768696		3481
516		1161		1772639		3477
517		1169		1776608		3480
518		1161		1780565		3472
519		1154		1784491		3466
520		1175		1788388		3461
521		1168		1792258		3469
522		1173		1796194		3476
523		1155		1800121		3471
524		1141		1804047		3481
525		1162		1807943		3475
526		1142		1811848		3484
527		1135		1815738		3481
528		1149		1819634		3481
529		1154		1823524		3469
530		1150		1827426		3481
531		1154		1831361		3482
532		1152		1835323		3479
533		1149		1839221		3479
534		1151		1843187		3486
535		1145		1847133		3477
536		1144		1851011		3480
537		1119		1854918		3476
538		1114		1858829		3471
539		1110		1862763		3466
540		1115		1866642		3471
541		1111		1870538		3474
542		1113		1874424		3472
543		1118		1878352		3471
544		1138		1882242		3473
545		1135		1886169		3474
546		1136		1890060		3473
547		1151		1893972		3475
548		1151		1897874		3479
549		1153		1901782		3473
550		1132		1905704		3475
551		1154		1909601		3475
552		1150		1913547		3465
553		1136		1917492		3468
554		1121		1921416		3466
555		1107		1925321		3475
556		1109		1929275		3472
557		1106		1933184		3469
558		1122		1937120		3475
559		1114		1940978		3471
560		1117		1944909		3471
561		1123		1948837		3474
562		1109		1952718		3474
563		1083		1956601		3467
564		1098		1960496		3472
565		1110		1964439		3477
566		1102		1968366		3473
567		1095		1972281		3468
568		1065		1976215		3475
569		1056		1980118		3482
570		1059		1984003		3475
571		1069		1987885		3474
572		1066		1991824		3480
573		1070		1995682		3477
574		1070		1999590		3480
575		1061		2003460		3476
576		1041		2007396		3482
577		1024		2011304		3484
578		991		2015199		3481
579		998		2019103		3489
580		991		2022986		3486
581		1002		2026896		3486
582		1011		2030759		3485
583		995		2034625		3479
584		996		2038529		3481
585		990		2042414		3479
586		985		2046318		3484
587		976		2050177		3476
588		964		2054037		3482
589		968		2057877		3482
590		977		2061829		3486
591		981		2065686		3484
592		965		2069575		3482
593		957		2073440		3483
594		961		2077344		3486
595		947		2081258		3482
596		944		2085154		3479
597		961		2089075		3473
598		969		2092924		3472
599		968		2096765		3467
600		955		2100697		3471
601		944		2104599		3471
602		945		2108497		3473
603		925		2112392		3472
604		923		2116283		3472
605		917		2120202		3473
606		911		2124113		3476
607		915		2127981		3476
608		913		2131865		3475
609		910		2135756		3474
610		908		2139661		3476
611		899		2143544		3478
612		903		2147484		3478
613		905		2151418		3482
614		903		2155294		3478
615		901		2159226		3476
616		898		2163116		3476
617		894		2166977		3477
618		877		2170848		3480
619		876		2174724		3480
620		876		2178617		3481
621		869		2182533		3479
622		866		2186425		3476
623		864		2190288		3477
624		863		2194188		3479
625		865		2198096		3479
626		862		2201955		3477
627		858		2205861		3478
628		858		2209675		3479
629		860		2213566		3478
630		858		2217498		3478
631		849		2221378		3477
632		851		2225245		3476
633		851		2229084		3476
634		849		2232978		3475
635		849		2236823		3476
636		848		2240686		3478
637		849		2244551		3479
638		848		2248453		3480
639		852		2252296		3481
640		849		2256115		3483
641		850		2260049		3486
642		852		2263953		3486
643		852		2267858		3486
644		853		2271714		3484
645		850		2275584		3480
646		849		2279473		3480
647		851		2283366		3479
648		848		2287280		3480
649		844		2291164		3481
650		842		2295083		3481
651		841		2298936		3482
652		838		2302833		3480
653		838		2306711		3480
654		833		2310588		3482
655		833		2314478		3483
656		831		2318350		3482
657		827		2322245		3482
658		825		2326142		3482
659		823		2330075		3481
660		820		2333966		3477
661		819		2337801		3479
662		817		2341674		3478
663		817		2345542		3479
664		813		2349403		3479
665		807		2353306		3477
666		806		2357197		3478
667		804		2361088		3478
668		804		2364994		3478
669		802		2368847		3480
670		800		2372672		3480
671		798		2376585		3482
672		798		2380465		3485
673		799		2384360		3483
674		802		2388258		3483
675		800		2392117		3479
676		800		2395994		3479
677		798		2399857		3480
678		800		2403727		3480
679		800		2407607		3480
680		799		2411477		3479
681		799		2415391		3478
682		799		2419275		3478
683		799		2423133		3476
684		799		2427001		3475
685		799		2430938		3474
686		799		2434847		3474
687		799		2438723		3474
688		799		2442591		3475
689		798		2446467		3475
690		795		2450389		3474
691		793		2454278		3474
692		793		2458140		3474
693		793		2462060		3476
694		793		2465950		3477
695		793		2469827		3476
696		793		2473735		3476
697		793		2477639		3476
698		793		2481475		3475
699		793		2485375		3472
700		790		2489246		3473
701		790		2493108		3474
702		789		2496951		3474
703		789		2500825		3475
704		789		2504716		3475
705		789		2508580		3476
706		791		2512515		3474
707		789		2516419		3472
708		789		2520290		3472
709		789		2524142		3473
710		789		2528032		3472
711		789		2531922		3472
712		789		2535805		3471
713		789		2539690		3472
714		787		2543597		3472
715		787		2547453		3471
716		787		2551332		3469
717		785		2555189		3469
718		785		2559089		3469
719		783		2562963		3470
720		783		2566783		3470
721		783		2570635		3472
722		783		2574543		3473
723		780		2578434		3475
724		780		2582366		3475
725		780		2586246		3476
726		780		2590089		3476
727		780		2594026		3474
728		780		2597849		3473
729		780		2601716		3472
730		777		2605601		3467
731		777		2609490		3467
732		775		2613368		3468
733		775		2617256		3468
734		775		2617256		3468
735		775		2617256		3468
736		775		2617256		3468
737		775		2617256		3468
738		775		2617256		3468
739		775		2617256		3468
740		775		2617256		3468
741		775		2617256		3468
742		775		2617256		3468
743		775		2617256		3468
744		775		2617256		3468
745		775		2617256		3468
746		775		2617256		3468
747		775		2617256		3468
748		775		2617256		3468
749		775		2617256		3468
750		775		2617256		3468
751		775		2617256		3468
752		774		2617257		3468
753		774		2617257		3468
754		774		2617257		3468
755		774		2617257		3468
756		774		2617257		3468
757		774		2617257		3468
758		774		2617257		3468
759		774		2617257		3468
760		774		2617257		3468
761		774		2617257		3468
762		774		2617257		3468
763		774		2617257		3468
764		774		2617257		3468
765		774		2617257		3468
766		774		2617257		3468
767		774		2617257		3468
768		774		2617257		3468
769		774		2617257		3468
770		774		2617257		3468
771		774		2617257		3468
772		772		2617258		3469
773		772		2617258		3469
774		772		2617258		3469
775		772		2617258		3469
776		772		2617258		3469
777		772		2617258		3469
778		772		2617258		3469
779		772		2617258		3469
780		772		2617258		3469
781		772		2617258		3469
782		772		2617258		3469
783		770		2617259		3470
784		770		2617259		3470
785		770		2617259		3470
786		770		2617259		3470
787		770		2617260		3469
788		770		2617260		3469
789		770		2617260		3469
790		770		2617260		3469
791		770		2617260		3469
792		770		2617260		3469
793		770		2617260		3469
794		770		2617260		3469
795		770		2617260		3469
796		770		2617260		3469
797		770		2617260		3469
798		770		2617260		3469
799		770		2617260		3469
800		770		2617260		3469
801		770		2617260		3469
802		770		2617260		3469
803		770		2617260		3469
804		770		2617260		3469
805		770		2617261		3469
806		770		2617261		3469
807		770		2617261		3469
808		771		2617262		3470
809		771		2617262		3470
810		771		2617262		3470
811		771		2617262		3470
812		771		2617262		3470
813		771		2617262		3470
814		771		2617262		3470
815		771		2617262		3470
816		771		2617262		3470
817		771		2617262		3470
818		771		2617262		3470
819		771		2617262		3470
820		771		2617262		3470
821		771		2617262		3470
822		771		2617262		3470
823		769		2617263		3471
824		769		2617263		3471
825		769		2617263		3471
826		769		2617263		3471
827		769		2617263		3471
828		769		2617263		3471
829		769		2617263		3471
830		769		2617263		3471
831		769		2617263		3471
832		767		2617264		3472
833		767		2617264		3472
834		767		2617264		3472
835		767		2617264		3472
836		766		2617265		3472
837		766		2617265		3472
838		766		2617265		3472
839		766		2617265		3472
840		766		2617265		3472
841		766		2617265		3472
842		766		2617265		3472
843		766		2617265		3472
844		766		2617265		3472
845		766		2617265		3472
846		766		2617265		3472
847		766		2617265		3472
848		766		2617265		3472
849		766		2617265		3472
850		765		2617266		3473
851		765		2617266		3473
852		765		2617266		3473
853		765		2617266		3473
854		765		2617266		3473
855		765		2617266		3473
856		765		2617266		3473
857		765		2617266		3473
858		765		2617266		3473
859		765		2617266		3473
860		765		2617266		3473
861		765		2617266		3473
862		765		2617266		3473
863		765		2617266		3473
864		765		2617266		3473
865		765		2617266		3473
866		765		2617266		3473
867		765		2617266		3473
868		765		2617266		3473
869		765		2617266		3473
870		765		2617266		3473
871		765		2617266		3473
872		765		2617266		3473
873		765		2617266		3473
874		765		2617266		3473
875		765		2617266		3473
876		765		2617266		3473
877		765		2617266		3473
878		765		2617266		3473
879		764		2617267		3472
880		764		2617267		3472
881		764		2617267		3472
882		764		2617267		3472
883		764		2617267		3472
884		764		2617267		3472
885		764		2617267		3472
886		764		2617267		3472
887		764		2617267		3472
888		764		2617267		3472
889		764		2617267		3472
890		764		2617267		3472
891		764		2617267		3472
892		764		2617267		3472
893		764		2617267		3472
894		764		2617267		3472
895		764		2617267		3472
896		764		2617267		3472
897		764		2617267		3472
898		764		2617267		3472
899		764		2617267		3472
900		764		2617267		3472
901		764		2617267		3472
902		764		2617267		3472
903		764		2617267		3472
904		764		2617267		3472
905		764		2617267		3472
906		764		2617267		3472
907		764		2617267		3472
908		764		2617267		3472
909		764		2617267		3472
910		764		2617267		3472
911		764		2617267		3472
912		764		2617267		3472
913		764		2617267		3472
914		764		2617267		3472
915		764		2617267		3472
916		764		2617267		3472
917		764		2617267		3472
918		764		2617267		3472
919		764		2617267		3472
920		764		2617267		3472
921		764		2617267		3472
922		764		2617267		3472
923		764		2617267		3472
924		764		2617267		3472
925		764		2617267		3472
926		764		2617267		3472
927		764		2617267		3472
928		764		2617267		3472
929		764		2617267		3472
930		764		2617267		3472
931		764		2617267		3472
932		764		2617267		3472
933		764		2617267		3472
934		764		2617267		3472
935		764		2617267		3472
936		764		2617267		3472
937		764		2617267		3472
938		764		2617267		3472
939		764		2617267		3472
940		764		2617267		3472
941		764		2617267		3472
942		764		2617267		3472
943		764		2617267		3472
944		764		2617267		3472
945		764		2617267		3472
946		764		2617267		3472
947		764		2617267		3472
948		764		2617267		3472
949		764		2617267		3472
950		764		2617267		3472
951		764		2617267		3472
952		764		2617267		3472
953		764		2617267		3472
954		764		2617267		3472
955		764		2617267		3472
956		764		2617267		3472
957		764		2617267		3472
958		764		2617267		3472
959		764		2617267		3472
960		764		2617267		3472
961		764		2617267		3472
962		764		2617267		3472
963		764		2617267		3472
964		764		2617267		3472
965		764		2617267		3472
966		764		2617267		3472
967		764		2617267		3472
968		764		2617267		3472
969		764		2617267		3472
970		764		2617267		3472
971		764		2617267		3472
972		764		2617267		3472
973		764		2617267		3472
974		764		2617267		3472
975		764		2617267		3472
976		764		2617267		3472
977		764		2617267		3472
978		764		2617267		3472
979		764		2617267		3472
980		764		2617267		3472
981		764		2617267		3472
982		764		2617267		3472
983		764		2617267		3472
984		764		2617267		3472
985		764		2617267		3472
986		764		2617267		3472
987		764		2617267		3472
988		764		2617267		3472
989		764		2617267		3472
990		764		2617267		3472
991		764		2617267		3472
992		764		2617267		3472
993		764		2617267		3472
994		764		2617267		3472
995		764		2617267		3472
996		764		2617267		3472
997		764		2617267		3472
998		764		2617267		3472
999		764		2617267		3472
1000		764		2617267		3472
1001		762		2617268		3471
1002		762		2617268		3471
1003		762		2617268		3471
1004		762		2617268		3471
1005		762		2617268		3471
1006		762		2617268		3471
1007		762		2617268		3471
1008		762		2617268		3471
1009		762		2617268		3471
1010		762		2617268		3471
1011		762		2617268		3471
1012		762		2617268		3471
1013		762		2617268		3471
1014		762		2617268		3471
1015		762		2617268		3471
1016		762		2617268		3471
1017		762		2617268		3471
1018		762		2617268		3471
1019		762		2617268		3471
1020		762		2617268		3471
1021		762		2617268		3471
1022		762		2617268		3471
1023		762		2617268		3471
1024		762		2617268		3471
1025		762		2617268		3471
1026		762		2617268		3471
1027		762		2617268		3471
1028		762		2617268		3471
1029		762		2617268		3471
1030		762		2617268		3471
1031		762		2617268		3471
1032		762		2617268		3471
1033		762		2617268		3471
1034		762		2617268		3471
1035		762		2617268		3471
1036		762		2617268		3471
1037		761		2617269		3473
1038		761		2617269		3473
1039		761		2617269		3473
1040		761		2617269		3473
1041		761		2617269		3473
1042		761		2617269		3473
1043		761		2617269		3473
1044		761		2617269		3473
1045		761		2617269		3473
1046		761		2617269		3473
1047		761		2617269		3473
1048		761		2617269		3473
1049		761		2617269		3473
1050		761		2617269		3473
1051		761		2617269		3473
1052		761		2617269		3473
1053		761		2617269		3473
1054		761		2617269		3473
1055		761		2617269		3473
1056		761		2617269		3473
1057		761		2617269		3473
1058		761		2617269		3473
1059		761		2617269		3473
1060		761		2617269		3473
1061		761		2617269		3473
1062		761		2617269		3473
1063		761		2617269		3473
1064		761		2617269		3473
1065		761		2617269		3473
1066		761		2617269		3473
1067		761		2617269		3473
1068		761		2617269		3473
1069		761		2617269		3473
1070		761		2617269		3473
1071		761		2617269		3473
1072		761		2617269		3473
1073		761		2617269		3473
1074		761		2617269		3473
1075		761		2617269		3473
1076		761		2617269		3473
1077		761		2617269		3473
1078		761		2617269		3473
1079		761		2617269		3473
1080		761		2617269		3473
1081		761		2617269		3473
1082		761		2617269		3473
1083		761		2617269		3473
1084		761		2617269		3473
1085		761		2617269		3473
1086		761		2617269		3473
1087		761		2617269		3473
1088		761		2617269		3473
1089		761		2617269		3473
1090		761		2617269		3473
1091		761		2617269		3473
1092		761		2617269		3473
1093		761		2617269		3473
1094		761		2617269		3473
1095		761		2617269		3473
1096		761		2617269		3473
1097		761		2617269		3473
1098		761		2617269		3473
1099		761		2617269		3473
1100		761		2617269		3473
1101		761		2617269		3473
1102		761		2617269		3473
1103		761		2617269		3473
1104		761		2617269		3473
1105		761		2617269		3473
1106		761		2617269		3473
1107		761		2617269		3473
1108		761		2617269		3473
1109		761		2617269		3473
1110		761		2617269		3473
1111		761		2617269		3473
1112		761		2617269		3473
1113		761		2617269		3473
1114		761		2617269		3473
1115		761		2617269		3473
1116		761		2617269		3473
1117		761		2617269		3473
1118		761		2617269		3473
1119		761		2617269		3473
1120		761		2617269		3473
1121		761		2617269		3473
1122		761		2617269		3473
1123		761		2617269		3473
1124		761		2617269		3473
1125		761		2617269		3473
1126		761		2617269		3473
1127		761		2617269		3473
1128		761		2617269		3473
1129		761		2617269		3473
1130		761		2617269		3473
1131		761		2617269		3473
1132		761		2617269		3473
1133		761		2617269		3473
1134		761		2617269		3473
1135		761		2617269		3473
1136		761		2617269		3473
1137		761		2617269		3473
1138		761		2617269		3473
1139		761		2617269		3473
1140		761		2617269		3473
1141		761		2617269		3473
1142		761		2617269		3473
1143		761		2617269		3473
1144		761		2617269		3473
1145		761		2617269		3473
1146		761		2617269		3473
1147		761		2617269		3473
1148		761		2617269		3473
1149		761		2617269		3473
1150		761		2617269		3473
1151		761		2617269		3473
1152		761		2617269		3473
1153		761		2617269		3473
1154		761		2617269		3473
1155		761		2617269		3473
1156		761		2617269		3473
1157		761		2617269		3473
1158		761		2617269		3473
1159		761		2617269		3473
1160		761		2617269		3473
1161		761		2617269		3473
1162		761		2617269		3473
1163		761		2617269		3473
1164		761		2617269		3473
1165		761		2617269		3473
1166		761		2617269		3473
1167		761		2617269		3473
1168		761		2617269		3473
1169		761		2617269		3473
1170		761		2617269		3473
1171		761		2617269		3473
1172		761		2617269		3473
1173		761		2617269		3473
1174		761		2617269		3473
1175		761		2617269		3473
1176		761		2617269		3473
1177		761		2617269		3473
1178		761		2617269		3473
1179		761		2617269		3473
1180		761		2617269		3473
1181		761		2617269		3473
1182		761		2617269		3473
1183		761		2617269		3473
1184		761		2617269		3473
1185		761		2617269		3473
1186		761		2617269		3473
1187		761		2617269		3473
1188		761		2617269		3473
1189		761		2617269		3473
1190		761		2617269		3473
1191		761		2617269		3473
1192		761		2617269		3473
1193		761		2617269		3473
1194		761		2617269		3473
1195		761		2617269		3473
1196		761		2617269		3473
1197		761		2617269		3473
1198		761		2617269		3473
1199		761		2617269		3473
1200		761		2617269		3473
1201		761		2617269		3473
1202		761		2617269		3473
1203		761		2617269		3473
1204		761		2617269		3473
1205		761		2617269		3473
1206		761		2617269		3473
1207		761		2617269		3473
1208		761		2617269		3473
1209		761		2617269		3473
1210		761		2617269		3473
1211		761		2617269		3473
1212		761		2617269		3473
1213		761		2617269		3473
1214		761		2617269		3473
1215		761		2617269		3473
1216		761		2617269		3473
1217		761		2617269		3473
1218		761		2617269		3473
1219		761		2617269		3473
1220		761		2617269		3473
1221		761		2617269		3473
1222		761		2617269		3473
1223		761		2617269		3473
1224		761		2617269		3473
1225		761		2617269		3473
1226		761		2617269		3473
1227		761		2617269		3473
1228		761		2617269		3473
1229		761		2617269		3473
1230		761		2617269		3473
1231		761		2617269		3473
1232		761		2617269		3473
1233		761		2617269		3473
1234		761		2617269		3473
1235		761		2617269		3473
1236		761		2617269		3473
1237		761		2617269		3473
1238		761		2617269		3473
1239		761		2617269		3473
1240		761		2617269		3473
1241		761		2617269		3473
1242		761		2617269		3473
1243		761		2617269		3473
1244		761		2617269		3473
1245		761		2617269		3473
1246		761		2617269		3473
1247		761		2617269		3473
1248		761		2617269		3473
1249		761		2617269		3473
1250		761		2617269		3473
1251		761		2617269		3473
1252		761		2617269		3473
1253		761		2617269		3473
1254		761		2617269		3473
1255		761		2617269		3473
1256		761		2617269		3473
1257		761		2617269		3473
1258		761		2617269		3473
1259		761		2617269		3473
1260		761		2617269		3473
1261		761		2617269		3473
1262		761		2617269		3473
1263		761		2617269		3473
1264		761		2617269		3473
1265		761		2617269		3473
1266		761		2617269		3473
1267		761		2617269		3473
1268		761		2617269		3473
1269		761		2617269		3473
1270		761		2617269		3473
1271		761		2617269		3473
1272		761		2617269		3473
1273		761		2617269		3473
1274		761		2617269		3473
1275		761		2617269		3473
1276		761		2617269		3473
1277		761		2617269		3473
1278		761		2617269		3473
1279		759		2617270		3472
1280		759		2617270		3472
1281		759		2617270		3472
1282		759		2617270		3472
1283		759		2617270		3472
1284		759		2617270		3472
1285		757		2617271		3472
1286		757		2617271		3472
1287		757		2617271		3472
1288		757		2617271		3472
1289		757		2617271		3472
1290		757		2617271		3472
1291		757		2617271		3472
1292		757		2617271		3472
1293		757		2617271		3472
1294		757		2617271		3472
1295		757		2617271		3472
1296		757		2617271		3472
1297		757		2617271		3472
1298		757		2617271		3472
1299		757		2617271		3472
1300		757		2617271		3472
1301		757		2617271		3472
1302		757		2617271		3472
1303		757		2617271		3472
1304		757		2617271		3472
1305		757		2617271		3472
1306		757		2617271		3472
1307		757		2617271		3472
1308		757		2617271		3472
1309		756		2617272		3472
1310		756		2617272		3472
1311		756		2617272		3472
1312		756		2617272		3472
1313		756		2617272		3472
1314		756		2617272		3472
1315		756		2617272		3472
1316		756		2617272		3472
1317		756		2617272		3472
1318		756		2617272		3472
1319		756		2617272		3472
1320		756		2617272		3472
1321		756		2617272		3472
1322		756		2617272		3472
1323		756		2617272		3472
1324		756		2617272		3472
1325		756		2617272		3472
1326		756		2617272		3472
1327		756		2617272		3472
1328		756		2617272		3472
1329		756		2617272		3472
1330		756		2617272		3472
1331		756		2617272		3472
1332		756		2617272		3472
1333		756		2617272		3472
1334		756		2617272		3472
1335		756		2617272		3472
1336		756		2617272		3472
1337		756		2617272		3472
1338		756		2617272		3472
1339		756		2617272		3472
1340		756		2617272		3472
1341		756		2617272		3472
1342		756		2617272		3472
1343		756		2617272		3472
1344		756		2617272		3472
1345		756		2617272		3472
1346		756		2617272		3472
1347		756		2617272		3472
1348		756		2617272		3472
1349		756		2617272		3472
1350		756		2617272		3472
1351		756		2617272		3472
1352		756		2617272		3472
1353		756		2617272		3472
1354		756		2617272		3472
1355		756		2617272		3472
1356		756		2617272		3472
1357		756		2617272		3472
1358		756		2617272		3472
1359		756		2617272		3472
1360		756		2617272		3472
1361		756		2617272		3472
1362		756		2617272		3472
1363		756		2617272		3472
1364		756		2617272		3472
1365		756		2617272		3472
1366		756		2617272		3472
1367		756		2617272		3472
1368		756		2617272		3472
1369		756		2617272		3472
1370		756		2617272		3472
1371		756		2617272		3472
1372		756		2617272		3472
1373		756		2617272		3472
1374		756		2617272		3472
1375		756		2617272		3472
1376		756		2617272		3472
1377		756		2617272		3472
1378		756		2617272		3472
1379		756		2617272		3472
1380		756		2617272		3472
1381		756		2617272		3472
1382		756		2617272		3472
1383		756		2617272		3472
1384		756		2617272		3472
1385		756		2617272		3472
1386		756		2617272		3472
1387		756		2617272		3472
1388		756		2617272		3472
1389		756		2617272		3472
1390		756		2617272		3472
1391		756		2617272		3472
1392		756		2617272		3472
1393		756		2617272		3472
1394		756		2617272		3472
1395		756		2617272		3472
1396		756		2617272		3472
1397		756		2617272		3472
1398		756		2617272		3472
1399		756		2617272		3472
1400		756		2617272		3472
1401		756		2617272		3472
1402		756		2617272		3472
1403		756		2617272		3472
1404		756		2617272		3472
1405		756		2617272		3472
1406		756		2617272		3472
1407		756		2617272		3472
1408		756		2617272		3472
1409		756		2617272		3472
1410		756		2617272		3472
1411		756		2617272		3472
1412		756		2617272		3472
1413		756		2617272		3472
1414		756		2617272		3472
1415		756		2617272		3472
1416		756		2617272		3472
1417		756		2617272		3472
1418		756		2617272		3472
1419		756		2617272		3472
1420		756		2617272		3472
1421		756		2617272		3472
1422		756		2617272		3472
1423		756		2617272		3472
1424		756		2617272		3472
1425		756		2617272		3472
1426		756		2617272		3472
1427		756		2617272		3472
1428		756		2617272		3472
1429		756		2617272		3472
1430		756		2617272		3472
1431		756		2617272		3472
1432		756		2617272		3472
1433		756		2617272		3472
1434		756		2617272		3472
1435		756		2617272		3472
1436		756		2617272		3472
1437		756		2617272		3472
1438		756		2617272		3472
1439		756		2617272		3472
1440		756		2617272		3472
1441		756		2617272		3472
1442		756		2617272		3472
1443		756		2617272		3472
1444		756		2617272		3472
1445		756		2617272		3472
1446		756		2617272		3472
1447		756		2617272		3472
1448		756		2617272		3472
1449		756		2617272		3472
1450		756		2617272		3472
1451		756		2617272		3472
1452		756		2617272		3472
1453		756		2617272		3472
1454		756		2617272		3472
1455		756		2617272		3472
1456		756		2617272		3472
1457		756		2617272		3472
1458		756		2617272		3472
1459		756		2617272		3472
1460		756		2617272		3472
1461		756		2617272		3472
1462		756		2617272		3472
1463		756		2617272		3472
1464		756		2617272		3472
1465		756		2617272		3472
1466		756		2617272		3472
1467		756		2617272		3472
1468		756		2617272		3472
1469		756		2617272		3472
1470		756		2617272		3472
1471		756		2617272		3472
1472		756		2617272		3472
1473		756		2617272		3472
1474		756		2617272		3472
1475		756		2617272		3472
1476		756		2617272		3472
1477		756		2617272		3472
1478		756		2617272		3472
1479		756		2617272		3472
1480		756		2617272		3472
1481		756		2617272		3472
1482		756		2617272		3472
1483		756		2617272		3472
1484		756		2617272		3472
1485		756		2617272		3472
1486		756		2617272		3472
1487		756		2617272		3472
1488		756		2617272		3472
1489		756		2617272		3472
1490		756		2617272		3472
1491		756		2617272		3472
1492		756		2617272		3472
1493		756		2617272		3472
1494		756		2617272		3472
1495		756		2617272		3472
1496		756		2617272		3472
1497		756		2617272		3472
1498		756		2617272		3472
1499		756		2617272		3472
1500		756		2617272		3472
1501		756		2617272		3472
1502		756		2617272		3472
1503		756		2617272		3472
1504		756		2617272		3472
1505		756		2617272		3472
1506		756		2617272		3472
1507		756		2617272		3472
1508		756		2617272		3472
1509		756		2617272		3472
1510		756		2617272		3472
1511		756		2617272		3472
1512		756		2617272		3472
1513		756		2617272		3472
1514		756		2617272		3472
1515		756		2617272		3472
1516		756		2617272		3472
1517		756		2617272		3472
1518		756		2617272		3472
1519		756		2617272		3472
1520		756		2617272		3472
1521		756		2617272		3472
1522		756		2617272		3472
1523		756		2617272		3472
1524		756		2617272		3472
1525		756		2617272		3472
1526		756		2617272		3472
1527		756		2617272		3472
1528		756		2617272		3472
1529		756		2617272		3472
1530		756		2617272		3472
1531		756		2617272		3472
1532		756		2617272		3472
1533		756		2617272		3472
1534		756		2617272		3472
1535		756		2617272		3472
1536		756		2617272		3472
1537		756		2617272		3472
1538		756		2617272		3472
1539		756		2617272		3472
1540		756		2617272		3472
1541		756		2617272		3472
1542		756		2617272		3472
1543		756		2617272		3472
1544		756		2617272		3472
1545		756		2617272		3472
1546		756		2617272		3472
1547		756		2617272		3472
1548		756		2617272		3472
1549		756		2617272		3472
1550		756		2617272		3472
1551		756		2617272		3472
1552		756		2617272		3472
1553		756		2617272		3472
1554		756		2617272		3472
1555		756		2617272		3472
1556		756		2617272		3472
1557		756		2617272		3472
1558		756		2617272		3472
1559		756		2617272		3472
1560		756		2617272		3472
1561		756		2617272		3472
1562		756		2617272		3472
1563		756		2617272		3472
1564		756		2617272		3472
1565		756		2617272		3472
1566		756		2617272		3472
1567		756		2617272		3472
1568		756		2617272		3472
1569		756		2617272		3472
1570		756		2617272		3472
1571		756		2617272		3472
1572		756		2617272		3472
1573		756		2617272		3472
1574		756		2617272		3472
1575		756		2617272		3472
1576		756		2617272		3472
1577		756		2617272		3472
1578		756		2617272		3472
1579		756		2617272		3472
1580		756		2617272		3472
1581		756		2617272		3472
1582		756		2617272		3472
1583		756		2617272		3472
1584		756		2617272		3472
1585		756		2617272		3472
1586		756		2617272		3472
1587		756		2617272		3472
1588		756		2617272		3472
1589		756		2617272		3472
1590		756		2617272		3472
1591		756		2617272		3472
1592		756		2617272		3472
1593		756		2617272		3472
1594		756		2617272		3472
1595		756		2617272		3472
1596		756		2617272		3472
1597		756		2617272		3472
1598		756		2617272		3472
1599		756		2617272		3472
1600		756		2617272		3472
1601		756		2617272		3472
1602		756		2617272		3472
1603		756		2617272		3472
1604		756		2617272		3472
1605		756		2617272		3472
1606		756		2617272		3472
1607		756		2617272		3472
1608		756		2617272		3472
1609		756		2617272		3472
1610		756		2617272		3472
1611		756		2617272		3472
1612		756		2617272		3472
1613		756		2617272		3472
1614		756		2617272		3472
1615		756		2617272		3472
1616		756		2617272		3472
1617		756		2617272		3472
1618		756		2617272		3472
1619		756		2617272		3472
1620		756		2617272		3472
1621		756		2617272		3472
1622		756		2617272		3472
1623		756		2617272		3472
1624		756		2617272		3472
1625		756		2617272		3472
1626		756		2617272		3472
1627		756		2617272		3472
1628		756		2617272		3472
1629		756		2617272		3472
1630		756		2617272		3472
1631		756		2617272		3472
1632		756		2617272		3472
1633		756		2617272		3472
1634		756		2617272		3472
1635		756		2617272		3472
1636		756		2617272		3472
1637		756		2617272		3472
1638		756		2617272		3472
1639		756		2617272		3472
1640		756		2617272		3472
1641		756		2617272		3472
1642		756		2617272		3472
1643		756		2617272		3472
1644		756		2617272		3472
1645		756		2617272		3472
1646		756		2617272		3472
1647		756		2617272		3472
1648		756		2617272		3472
1649		756		2617272		3472
1650		756		2617272		3472
1651		756		2617272		3472
1652		756		2617272		3472
1653		756		2617272		3472
1654		756		2617272		3472
1655		756		2617272		3472
1656		756		2617272		3472
1657		756		2617272		3472
1658		756		2617272		3472
1659		756		2617272		3472
1660		756		2617272		3472
1661		756		2617272		3472
1662		756		2617272		3472
1663		756		2617272		3472
1664		756		2617272		3472
1665		756		2617272		3472
1666		756		2617272		3472
1667		756		2617272		3472
1668		756		2617272		3472
1669		756		2617272		3472
1670		756		2617272		3472
1671		756		2617272		3472
1672		756		2617272		3472
1673		756		2617272		3472
1674		756		2617272		3472
1675		756		2617272		3472
1676		756		2617272		3472
1677		756		2617272		3472
1678		756		2617272		3472
1679		756		2617272		3472
1680		756		2617272		3472
1681		756		2617272		3472
1682		756		2617272		3472
1683		756		2617272		3472
1684		756		2617272		3472
1685		756		2617272		3472
1686		756		2617272		3472
1687		756		2617272		3472
1688		756		2617272		3472
1689		756		2617272		3472
1690		756		2617272		3472
1691		756		2617272		3472
1692		756		2617272		3472
1693		756		2617272		3472
1694		756		2617272		3472
1695		756		2617272		3472
1696		756		2617272		3472
1697		756		2617272		3472
1698		756		2617272		3472
1699		756		2617272		3472
1700		756		2617272		3472
1701		756		2617272		3472
1702		756		2617272		3472
1703		756		2617272		3472
1704		756		2617272		3472
1705		756		2617272		3472
1706		756		2617272		3472
1707		756		2617272		3472
1708		756		2617272		3472
1709		756		2617272		3472
1710		756		2617272		3472
1711		756		2617272		3472
1712		756		2617272		3472
1713		756		2617272		3472
1714		756		2617272		3472
1715		756		2617272		3472
1716		756		2617272		3472
1717		756		2617272		3472
1718		756		2617272		3472
1719		756		2617272		3472
1720		756		2617272		3472
1721		756		2617272		3472
1722		756		2617272		3472
1723		756		2617272		3472
1724		756		2617272		3472
1725		756		2617272		3472
1726		756		2617272		3472
1727		756		2617272		3472
1728		756		2617272		3472
1729		756		2617272		3472
1730		756		2617272		3472
1731		756		2617272		3472
1732		756		2617272		3472
1733		756		2617272		3472
1734		756		2617272		3472
1735		756		2617272		3472
1736		756		2617272		3472
1737		756		2617272		3472
1738		756		2617272		3472
1739		756		2617272		3472
1740		756		2617272		3472
1741		756		2617272		3472
1742		756		2617272		3472
1743		756		2617272		3472
1744		756		2617272		3472
1745		756		2617272		3472
1746		756		2617272		3472
1747		756		2617272		3472
1748		756		2617272		3472
1749		756		2617272		3472
1750		756		2617272		3472
1751		756		2617272		3472
1752		756		2617272		3472
1753		756		2617272		3472
1754		756		2617272		3472
1755		756		2617272		3472
1756		756		2617272		3472
1757		756		2617272		3472
1758		756		2617272		3472
1759		756		2617272		3472
1760		756		2617272		3472
1761		756		2617272		3472
1762		756		2617272		3472
1763		756		2617272		3472
1764		756		2617272		3472
1765		756		2617272		3472
1766		756		2617272		3472
1767		756		2617272		3472
1768		756		2617272		3472
1769		756		2617272		3472
1770		756		2617272		3472
1771		756		2617272		3472
1772		756		2617272		3472
1773		756		2617272		3472
1774		756		2617272		3472
1775		756		2617272		3472
1776		756		2617272		3472
1777		756		2617272		3472
1778		756		2617272		3472
1779		756		2617272		3472
1780		756		2617272		3472
1781		756		2617272		3472
1782		756		2617272		3472
1783		756		2617272		3472
1784		756		2617272		3472
1785		756		2617272		3472
1786		756		2617272		3472
1787		756		2617272		3472
1788		756		2617272		3472
1789		756		2617272		3472
1790		756		2617272		3472
1791		756		2617272		3472
1792		756		2617272		3472
1793		756		2617272		3472
1794		756		2617272		3472
1795		756		2617272		3472
1796		756		2617272		3472
1797		756		2617272		3472
1798		756		2617272		3472
1799		756		2617272		3472
1800		756		2617272		3472
1801		756		2617272		3472
1802		756		2617272		3472
1803		756		2617272		3472
1804		756		2617272		3472
1805		756		2617272		3472
1806		756		2617272		3472
1807		756		2617272		3472
1808		756		2617272		3472
1809		756		2617272		3472
1810		756		2617272		3472
1811		756		2617272		3472
1812		756		2617272		3472
1813		756		2617272		3472
1814		756		2617272		3472
1815		756		2617272		3472
1816		756		2617272		3472
1817		756		2617272		3472
1818		756		2617272		3472
1819		756		2617272		3472
1820		756		2617272		3472
1821		756		2617272		3472
1822		756		2617272		3472
1823		756		2617272		3472
1824		756		2617272		3472
1825		756		2617272		3472
1826		756		2617272		3472
1827		756		2617272		3472
1828		756		2617272		3472
1829		756		2617272		3472
1830		756		2617272		3472
1831		756		2617272		3472
1832		756		2617272		3472
1833		756		2617272		3472
1834		756		2617272		3472
1835		756		2617272		3472
1836		756		2617272		3472
1837		756		2617272		3472
1838		756		2617272		3472
1839		756		2617272		3472
1840		756		2617272		3472
1841		756		2617272		3472
1842		756		2617272		3472
1843		756		2617272		3472
1844		756		2617272		3472
1845		756		2617272		3472
1846		756		2617272		3472
1847		756		2617272		3472
1848		756		2617272		3472
1849		756		2617272		3472
1850		756		2617272		3472
1851		756		2617272		3472
1852		756		2617272		3472
1853		756		2617272		3472
1854		756		2617272		3472
1855		756		2617272		3472
1856		756		2617272		3472
1857		756		2617272		3472
1858		756		2617272		3472
1859		756		2617272		3472
1860		756		2617272		3472
1861		756		2617272		3472
1862		756		2617272		3472
1863		756		2617272		3472
1864		756		2617272		3472
1865		756		2617272		3472
1866		756		2617272		3472
1867		756		2617272		3472
1868		756		2617272		3472
1869		756		2617272		3472
1870		756		2617272		3472
1871		756		2617272		3472
1872		756		2617272		3472
1873		756		2617272		3472
1874		756		2617272		3472
1875		756		2617272		3472
1876		756		2617272		3472
1877		756		2617272		3472
1878		756		2617272		3472
1879		756		2617272		3472
1880		756		2617272		3472
1881		756		2617272		3472
1882		756		2617272		3472
1883		756		2617272		3472
1884		756		2617272		3472
1885		756		2617272		3472
1886		756		2617272		3472
1887		756		2617272		3472
1888		756		2617272		3472
1889		756		2617272		3472
1890		756		2617272		3472
1891		756		2617272		3472
1892		756		2617272		3472
1893		756		2617272		3472
1894		756		2617272		3472
1895		756		2617272		3472
1896		756		2617272		3472
1897		756		2617272		3472
1898		756		2617272		3472
1899		756		2617272		3472
1900		756		2617272		3472
1901		756		2617272		3472
1902		756		2617272		3472
1903		756		2617272		3472
1904		756		2617272		3472
1905		756		2617272		3472
1906		756		2617272		3472
1907		756		2617272		3472
1908		756		2617272		3472
1909		756		2617272		3472
1910		756		2617272		3472
1911		756		2617272		3472
1912		756		2617272		3472
1913		756		2617272		3472
1914		756		2617272		3472
1915		756		2617272		3472
1916		756		2617272		3472
1917		756		2617272		3472
1918		756		2617272		3472
1919		756		2617272		3472
1920		756		2617272		3472
1921		756		2617272		3472
1922		756		2617272		3472
1923		756		2617272		3472
1924		756		2617272		3472
1925		756		2617272		3472
1926		756		2617272		3472
1927		756		2617272		3472
1928		756		2617272		3472
1929		756		2617272		3472
1930		756		2617272		3472
1931		756		2617272		3472
1932		756		2617272		3472
1933		756		2617272		3472
1934		756		2617272		3472
1935		756		2617272		3472
1936		756		2617272		3472
1937		756		2617272		3472
1938		756		2617272		3472
1939		756		2617272		3472
1940		756		2617272		3472
1941		756		2617272		3472
1942		756		2617272		3472
1943		756		2617272		3472
1944		756		2617272		3472
1945		756		2617272		3472
1946		756		2617272		3472
1947		756		2617272		3472
1948		756		2617272		3472
1949		756		2617272		3472
1950		756		2617272		3472
1951		756		2617272		3472
1952		756		2617272		3472
1953		756		2617272		3472
1954		756		2617272		3472
1955		756		2617272		3472
1956		756		2617272		3472
1957		756		2617272		3472
1958		756		2617272		3472
1959		756		2617272		3472
1960		756		2617272		3472
1961		756		2617272		3472
1962		756		2617272		3472
1963		756		2617272		3472
1964		756		2617272		3472
1965		756		2617272		3472
1966		756		2617272		3472
1967		756		2617272		3472
1968		756		2617272		3472
1969		756		2617272		3472
1970		756		2617272		3472
1971		756		2617272		3472
1972		756		2617272		3472
1973		756		2617272		3472
1974		756		2617272		3472
1975		756		2617272		3472
1976		756		2617272		3472
1977		756		2617272		3472
1978		756		2617272		3472
1979		756		2617272		3472
1980		756		2617272		3472
1981		756		2617272		3472
1982		756		2617272		3472
1983		756		2617272		3472
1984		756		2617272		3472
1985		756		2617272		3472
1986		756		2617272		3472
1987		756		2617272		3472
1988		756		2617272		3472
1989		756		2617272		3472
1990		756		2617272		3472
1991		756		2617272		3472
1992		756		2617272		3472
1993		756		2617272		3472
1994		756		2617272		3472
1995		756		2617272		3472
1996		756		2617272		3472
1997		756		2617272		3472
1998		756		2617272		3472
1999		756		2617272		3472
