# Migration is number of nodes that have changed color.

Round		Edge-Cut		Swaps		Migrations		Skipped
0		6587		4583		2782
1		5713		8975		3073
2		5268		13316		3194
3		4919		17562		3247
4		4618		21785		3305
5		4443		26000		3313
6		4338		30216		3335
7		4170		34427		3325
8		4016		38635		3341
9		3887		42850		3341
10		3768		47011		3344
11		3634		51127		3365
12		3526		55248		3359
13		3498		59366		3374
14		3398		63456		3378
15		3304		67551		3403
16		3204		71637		3401
17		3218		75728		3410
18		3181		79786		3406
19		3149		83882		3376
20		3116		87948		3382
21		3040		92070		3373
22		2925		96141		3398
23		2974		100187		3399
24		2824		104251		3424
25		2782		108309		3406
26		2678		112365		3402
27		2700		116439		3406
28		2712		120500		3403
29		2712		124533		3403
30		2743		128556		3406
31		2677		132572		3382
32		2700		136624		3406
33		2703		140619		3399
34		2656		144641		3368
35		2642		148639		3391
36		2589		152683		3420
37		2604		156737		3415
38		2611		160799		3411
39		2573		164851		3417
40		2576		168902		3411
41		2559		172937		3416
42		2516		176955		3411
43		2499		180954		3406
44		2500		184949		3400
45		2473		188944		3419
46		2468		192993		3427
47		2466		197011		3433
48		2472		201046		3434
49		2425		205080		3423
50		2398		209120		3430
51		2375		213116		3447
52		2360		217110		3454
53		2332		221125		3456
54		2346		225090		3463
55		2349		229114		3441
56		2345		233140		3441
57		2334		237109		3450
58		2317		241083		3449
59		2291		245071		3436
60		2285		249086		3442
61		2241		253122		3450
62		2215		257146		3425
63		2180		261117		3445
64		2213		265094		3461
65		2211		269089		3440
66		2193		273088		3455
67		2204		277062		3451
68		2209		281094		3448
69		2221		285087		3461
70		2156		289109		3462
71		2149		293137		3461
72		2103		297127		3467
73		2130		301138		3478
74		2145		305125		3474
75		2151		309092		3474
76		2122		313082		3461
77		2168		317093		3463
78		2161		321060		3470
79		2131		324994		3459
80		2150		328996		3458
81		2111		332975		3469
82		2079		337010		3478
83		2060		341014		3454
84		2065		344942		3461
85		2073		348932		3460
86		2087		352948		3465
87		2116		356964		3477
88		2075		360949		3471
89		2057		364956		3465
90		2072		368990		3470
91		2043		372952		3482
92		2050		376959		3475
93		2007		380942		3471
94		2030		384936		3470
95		1970		388903		3457
96		1918		392872		3459
97		1940		396857		3444
98		1941		400812		3437
99		1893		404767		3447
100		1935		408737		3458
101		1926		412765		3468
102		1866		416732		3488
103		1867		420713		3476
104		1821		424645		3482
105		1768		428658		3502
106		1756		432642		3496
107		1816		436600		3483
108		1798		440590		3488
109		1742		444533		3476
110		1750		448519		3471
111		1745		452476		3475
112		1727		456438		3472
113		1708		460420		3474
114		1694		464332		3475
115		1714		468218		3465
116		1685		472181		3457
117		1718		476099		3450
118		1734		480076		3466
119		1736		484068		3473
120		1725		488017		3478
121		1719		491962		3462
122		1739		495931		3458
123		1716		499927		3460
124		1668		503917		3470
125		1633		507855		3455
126		1609		511826		3462
127		1576		515782		3448
128		1602		519743		3447
129		1592		523675		3456
130		1572		527592		3440
131		1577		531499		3435
132		1567		535415		3425
133		1549		539389		3439
134		1540		543308		3445
135		1514		547309		3452
136		1533		551200		3449
137		1499		555139		3445
138		1514		559057		3447
139		1536		563030		3446
140		1550		567006		3453
141		1574		570915		3455
142		1551		574810		3453
143		1533		578804		3449
144		1541		582754		3455
145		1562		586683		3451
146		1536		590666		3461
147		1526		594619		3460
148		1525		598564		3461
149		1531		602546		3460
150		1523		606459		3449
151		1527		610399		3443
152		1517		614346		3446
153		1523		618269		3437
154		1483		622184		3461
155		1489		626119		3444
156		1497		630056		3442
157		1498		634020		3438
158		1459		637904		3447
159		1461		641845		3452
160		1434		645776		3467
161		1444		649659		3470
162		1442		653606		3465
163		1445		657506		3471
164		1455		661406		3470
165		1449		665340		3466
166		1415		669273		3460
167		1391		673158		3462
168		1341		677087		3464
169		1361		681018		3448
170		1367		684880		3466
171		1332		688824		3471
172		1363		692782		3466
173		1352		696732		3467
174		1368		700683		3472
175		1336		704615		3467
176		1327		708536		3467
177		1316		712432		3463
178		1332		716346		3459
179		1314		720248		3472
180		1297		724167		3466
181		1296		728063		3466
182		1285		731940		3463
183		1246		735824		3452
184		1238		739741		3452
185		1250		743680		3448
186		1226		747558		3451
187		1219		751483		3458
188		1228		755412		3462
189		1223		759252		3466
190		1207		763249		3460
191		1211		767132		3461
192		1204		771060		3469
193		1190		775009		3475
194		1181		778960		3475
195		1186		782887		3469
196		1177		786807		3470
197		1173		790700		3468
198		1162		794605		3463
199		1173		798507		3467
200		1183		802458		3464
201		1185		806378		3469
202		1190		810245		3475
203		1208		814194		3482
204		1213		818102		3475
205		1212		822024		3478
206		1208		826026		3473
207		1208		829918		3476
208		1195		833816		3481
209		1204		837722		3479
210		1230		841671		3473
211		1217		845584		3480
212		1217		849532		3476
213		1220		853400		3475
214		1217		857303		3478
215		1206		861228		3468
216		1186		865143		3465
217		1183		869050		3458
218		1222		872926		3451
219		1207		876832		3466
220		1212		880774		3478
221		1188		884693		3478
222		1191		888602		3479
223		1169		892470		3479
224		1165		896332		3475
225		1172		900277		3481
226		1175		904189		3482
227		1194		908139		3481
228		1182		912072		3482
229		1195		915985		3485
230		1188		919882		3490
231		1185		923791		3491
232		1181		927665		3493
233		1163		931538		3499
234		1179		935450		3491
235		1173		939337		3497
236		1179		943270		3495
237		1177		947149		3504
238		1164		951109		3491
239		1178		954990		3494
240		1179		958915		3493
241		1169		962838		3492
242		1141		966742		3487
243		1139		970641		3486
244		1140		974596		3488
245		1147		978549		3489
246		1147		982492		3493
247		1147		986390		3490
248		1174		990298		3494
249		1161		994169		3487
250		1148		998042		3481
251		1142		1001933		3486
252		1124		1005842		3487
253		1105		1009699		3484
254		1095		1013595		3480
255		1058		1017489		3470
256		1062		1021374		3474
257		1059		1025232		3479
258		1047		1029115		3476
259		1047		1033021		3479
260		1028		1036880		3475
261		1026		1040792		3467
262		1027		1044724		3470
263		1020		1048616		3471
264		1015		1052505		3471
265		1021		1056389		3474
266		1022		1060257		3471
267		1041		1064136		3473
268		1048		1068007		3470
269		1031		1071942		3475
270		1022		1075833		3479
271		1011		1079736		3476
272		1020		1083635		3473
273		1024		1087485		3471
274		1029		1091374		3464
275		1039		1095240		3463
276		1039		1099144		3464
277		1041		1103098		3475
278		1034		1106997		3473
279		1051		1110868		3472
280		1047		1114746		3471
281		1047		1118662		3462
282		1023		1122562		3460
283		1009		1126419		3460
284		1007		1130275		3460
285		983		1134122		3462
286		992		1138026		3462
287		1003		1141923		3461
288		1002		1145826		3459
289		996		1149737		3464
290		979		1153638		3460
291		964		1157529		3464
292		968		1161424		3459
293		987		1165324		3465
294		994		1169249		3463
295		992		1173184		3464
296		994		1177035		3462
297		1010		1180983		3462
298		1013		1184903		3464
299		1028		1188810		3470
300		1035		1192706		3468
301		1025		1196647		3467
302		1008		1200535		3471
303		993		1204442		3470
304		975		1208333		3465
305		977		1212285		3475
306		965		1216207		3465
307		960		1220140		3463
308		964		1224015		3466
309		960		1227935		3468
310		961		1231817		3469
311		952		1235731		3469
312		954		1239610		3466
313		951		1243443		3466
314		957		1247369		3465
315		951		1251224		3465
316		933		1255098		3465
317		934		1258955		3466
318		936		1262858		3466
319		939		1266723		3470
320		927		1270639		3473
321		932		1274503		3473
322		927		1278358		3471
323		926		1282268		3470
324		928		1286150		3472
325		924		1290063		3475
326		931		1293949		3478
327		917		1297874		3478
328		914		1301770		3478
329		917		1305681		3482
330		918		1309630		3483
331		921		1313534		3481
332		921		1317389		3480
333		924		1321299		3477
334		921		1325180		3479
335		922		1329029		3480
336		919		1332879		3479
337		918		1336754		3476
338		913		1340619		3470
339		914		1344531		3468
340		911		1348412		3470
341		902		1352239		3472
342		895		1356116		3466
343		892		1359981		3468
344		888		1363871		3469
345		888		1367709		3469
346		884		1371595		3463
347		883		1375507		3463
348		889		1379385		3462
349		883		1383254		3461
350		883		1387130		3461
351		883		1391035		3460
352		881		1394931		3461
353		881		1398844		3460
354		881		1402697		3460
355		885		1406552		3463
356		883		1410455		3464
357		877		1414341		3464
358		877		1418234		3464
359		876		1422124		3464
360		879		1425997		3465
361		879		1429948		3466
362		877		1433836		3467
363		869		1437699		3463
364		869		1441492		3462
365		870		1445338		3465
366		871		1449215		3465
367		870		1453100		3466
368		867		1456996		3467
369		865		1460881		3463
370		866		1464741		3461
371		866		1468621		3462
372		866		1472535		3459
373		865		1476412		3459
374		867		1480275		3456
375		870		1484126		3462
376		867		1487988		3462
377		864		1491870		3464
378		861		1495757		3464
379		857		1499617		3463
380		856		1503511		3462
381		853		1507378		3461
382		854		1511260		3462
383		853		1515176		3462
384		854		1519074		3466
385		853		1523018		3466
386		850		1526915		3461
387		850		1530804		3461
388		851		1534706		3459
389		845		1538596		3459
390		847		1542468		3458
391		847		1546318		3459
392		847		1550187		3460
393		843		1554010		3461
394		843		1557872		3460
395		843		1561758		3459
396		837		1565626		3459
397		837		1569497		3459
398		836		1573368		3461
399		836		1577233		3461
400		833		1581066		3459
401		833		1584961		3458
402		831		1588843		3458
403		831		1592698		3459
404		831		1596599		3457
405		831		1600515		3458
406		830		1604401		3458
407		825		1608282		3459
408		825		1612174		3459
409		823		1616006		3460
410		824		1619864		3460
411		824		1623707		3461
412		823		1627602		3462
413		823		1631437		3464
414		823		1635325		3464
415		823		1639183		3465
416		817		1643076		3466
417		817		1646963		3465
418		815		1650876		3465
419		815		1654731		3466
420		814		1658571		3466
421		814		1662473		3466
422		814		1666403		3465
423		814		1670252		3467
424		812		1674155		3466
425		812		1678020		3467
426		812		1681874		3467
427		812		1685716		3467
428		812		1689613		3467
429		812		1693465		3467
430		812		1697360		3466
431		812		1701277		3465
432		812		1705161		3467
433		812		1709011		3468
434		812		1712914		3468
435		812		1716763		3469
436		810		1720638		3471
437		808		1724548		3470
438		808		1728464		3470
439		807		1732370		3472
440		807		1736259		3472
441		806		1740166		3473
442		806		1744090		3472
443		805		1747958		3473
444		805		1751832		3472
445		802		1755730		3471
446		802		1759608		3471
447		804		1763505		3472
448		804		1767410		3472
449		804		1771320		3472
450		804		1775206		3472
451		804		1779075		3472
452		804		1782903		3472
453		802		1786748		3473
454		802		1790623		3473
455		802		1794544		3470
456		802		1798423		3470
457		800		1802258		3470
458		800		1806143		3470
459		800		1810002		3468
460		800		1813911		3470
461		802		1817773		3470
462		802		1821646		3470
463		799		1825503		3467
464		799		1829370		3467
465		799		1833269		3469
466		799		1837092		3467
467		799		1840932		3467
468		797		1844833		3467
469		797		1848666		3467
470		796		1852543		3471
471		796		1856428		3471
472		794		1860328		3469
473		788		1864187		3469
474		786		1868086		3469
475		786		1871947		3469
476		786		1875813		3470
477		785		1879691		3468
478		787		1883535		3468
479		787		1887351		3468
480		787		1891211		3468
481		787		1895114		3466
482		787		1898986		3465
483		787		1902839		3464
484		787		1906676		3465
485		787		1910577		3464
486		787		1914490		3465
487		787		1918377		3463
488		785		1922280		3464
489		785		1926163		3464
490		785		1930028		3465
491		783		1933887		3463
492		783		1937796		3462
493		783		1941688		3462
494		783		1945591		3462
495		783		1949440		3460
496		783		1953314		3459
497		783		1957152		3461
498		783		1960972		3461
499		783		1964836		3461
500		783		1968717		3460
501		806		1972601		3463
502		835		1976444		3460
503		859		1980319		3466
504		870		1984218		3471
505		885		1988130		3468
506		919		1992029		3467
507		951		1995948		3473
508		970		1999796		3477
509		1003		2003689		3470
510		1012		2007601		3472
511		1026		2011537		3468
512		1056		2015429		3471
513		1086		2019337		3478
514		1078		2023259		3470
515		1069		2027152		3473
516		1091		2031064		3467
517		1105		2035011		3469
518		1134		2038947		3470
519		1153		2042925		3477
520		1150		2046863		3472
521		1170		2050780		3472
522		1174		2054718		3471
523		1181		2058671		3465
524		1166		2062612		3459
525		1148		2066576		3461
526		1147		2070490		3462
527		1159		2074427		3463
528		1165		2078328		3477
529		1189		2082244		3483
530		1192		2086176		3480
531		1219		2090116		3477
532		1209		2094027		3477
533		1232		2097939		3478
534		1251		2101874		3485
535		1247		2105758		3483
536		1249		2109744		3485
537		1239		2113667		3470
538		1243		2117605		3471
539		1243		2121552		3460
540		1196		2125474		3454
541		1197		2129394		3452
542		1225		2133342		3458
543		1230		2137337		3469
544		1256		2141252		3466
545		1300		2145201		3462
546		1307		2149165		3468
547		1318		2153119		3462
548		1339		2157043		3452
549		1288		2161053		3464
550		1308		2164994		3483
551		1302		2168933		3479
552		1313		2172862		3468
553		1300		2176796		3466
554		1289		2180701		3477
555		1258		2184622		3477
556		1268		2188603		3465
557		1274		2192571		3477
558		1248		2196515		3482
559		1250		2200412		3471
560		1253		2204307		3466
561		1191		2208270		3473
562		1210		2212176		3472
563		1212		2216106		3475
564		1226		2220049		3481
565		1204		2223981		3476
566		1254		2227928		3473
567		1251		2231844		3487
568		1244		2235810		3483
569		1250		2239769		3485
570		1193		2243682		3484
571		1175		2247618		3482
572		1165		2251550		3482
573		1163		2255517		3482
574		1176		2259446		3493
575		1187		2263416		3487
576		1185		2267397		3498
577		1219		2271334		3499
578		1203		2275264		3487
579		1186		2279140		3482
580		1200		2283074		3482
581		1173		2286940		3478
582		1165		2290886		3503
583		1172		2294833		3486
584		1190		2298740		3493
585		1230		2302664		3497
586		1186		2306627		3497
587		1175		2310551		3479
588		1207		2314495		3474
589		1216		2318421		3480
590		1197		2322358		3491
591		1206		2326334		3496
592		1231		2330232		3487
593		1237		2334197		3486
594		1249		2338240		3485
595		1238		2342221		3475
596		1268		2346192		3478
597		1273		2350142		3473
598		1281		2354086		3476
599		1269		2358031		3479
600		1277		2361957		3497
601		1252		2365914		3489
602		1247		2369839		3494
603		1259		2373796		3493
604		1195		2377718		3503
605		1195		2381686		3491
606		1177		2385638		3494
607		1170		2389553		3498
608		1160		2393472		3485
609		1158		2397349		3479
610		1179		2401339		3481
611		1167		2405243		3476
612		1163		2409171		3477
613		1161		2413049		3476
614		1154		2416977		3480
615		1132		2420901		3480
616		1124		2424853		3480
617		1122		2428772		3483
618		1132		2432685		3482
619		1137		2436598		3481
620		1156		2440502		3489
621		1154		2444431		3488
622		1156		2448352		3486
623		1160		2452282		3492
624		1145		2456183		3485
625		1133		2460139		3478
626		1117		2464087		3488
627		1131		2468027		3476
628		1088		2471942		3477
629		1076		2475932		3477
630		1079		2479891		3478
631		1058		2483779		3486
632		1071		2487729		3482
633		1073		2491679		3487
634		1071		2495603		3482
635		1049		2499482		3480
636		1041		2503394		3485
637		1057		2507315		3489
638		1041		2511167		3483
639		1034		2515130		3483
640		1036		2519017		3489
641		998		2522943		3493
642		1001		2526876		3484
643		1017		2530807		3481
644		1028		2534710		3483
645		1016		2538653		3489
646		988		2542584		3491
647		973		2546502		3489
648		982		2550392		3488
649		1004		2554254		3489
650		1019		2558172		3479
651		1022		2562080		3473
652		1001		2565965		3480
653		999		2569845		3482
654		1000		2573736		3480
655		995		2577635		3478
656		991		2581532		3473
657		1009		2585448		3478
658		990		2589325		3482
659		968		2593234		3477
660		975		2597158		3481
661		966		2601097		3478
662		971		2604996		3476
663		993		2608939		3475
664		989		2612841		3479
665		994		2616758		3467
666		1001		2620709		3470
667		997		2624602		3468
668		987		2628499		3471
669		965		2632411		3475
670		963		2636293		3479
671		973		2640198		3477
672		976		2644069		3477
673		973		2647948		3476
674		960		2651827		3481
675		971		2655749		3482
676		970		2659665		3470
677		962		2663570		3472
678		970		2667480		3486
679		958		2671430		3482
680		944		2675303		3480
681		945		2679210		3482
682		928		2683162		3481
683		932		2687009		3479
684		908		2690889		3478
685		918		2694832		3479
686		924		2698744		3485
687		913		2702646		3477
688		909		2706534		3467
689		908		2710461		3464
690		915		2714350		3466
691		923		2718216		3473
692		912		2722146		3467
693		913		2726079		3470
694		894		2730015		3472
695		895		2733910		3470
696		890		2737842		3467
697		879		2741760		3465
698		887		2745637		3466
699		873		2749515		3478
700		880		2753411		3481
701		894		2757317		3473
702		895		2761207		3472
703		888		2765082		3477
704		880		2769016		3469
705		871		2772919		3466
706		877		2776826		3469
707		874		2780742		3461
708		886		2784654		3470
709		856		2788602		3470
710		879		2792498		3474
711		892		2796405		3472
712		903		2800335		3472
713		914		2804228		3469
714		918		2808211		3478
715		915		2812112		3475
716		916		2816016		3469
717		921		2819918		3478
718		924		2823821		3488
719		933		2827754		3488
720		926		2831687		3484
721		931		2835610		3478
722		923		2839562		3479
723		928		2843443		3482
724		923		2847306		3483
725		921		2851185		3482
726		900		2855050		3474
727		897		2858983		3469
728		884		2862874		3467
729		883		2866820		3471
730		894		2870735		3470
731		863		2874639		3470
732		873		2878523		3464
733		883		2882413		3459
734		891		2886291		3455
735		894		2890187		3466
736		889		2894046		3458
737		887		2897897		3458
738		886		2901786		3459
739		855		2905680		3464
740		872		2909588		3467
741		902		2913485		3462
742		888		2917337		3459
743		894		2921263		3466
744		879		2925212		3477
745		860		2929119		3468
746		862		2933069		3462
747		869		2936910		3468
748		869		2940850		3465
749		860		2944751		3475
750		878		2948683		3477
751		865		2952589		3480
752		846		2956503		3469
753		840		2960378		3468
754		846		2964309		3467
755		830		2968173		3468
756		828		2972091		3463
757		801		2976000		3462
758		796		2979922		3463
759		795		2983826		3461
760		803		2987737		3460
761		805		2991572		3457
762		793		2995429		3463
763		790		2999295		3459
764		787		3003216		3454
765		784		3007067		3454
766		788		3010965		3455
767		786		3014820		3460
768		789		3018694		3459
769		786		3022575		3458
770		793		3026465		3471
771		789		3030369		3466
772		785		3034274		3467
773		783		3038165		3468
774		784		3042030		3469
775		793		3045917		3471
776		788		3049813		3471
777		785		3053681		3473
778		789		3057527		3472
779		786		3061376		3470
780		788		3065263		3472
781		778		3069167		3471
782		784		3073007		3473
783		786		3076911		3476
784		772		3080806		3481
785		774		3084657		3478
786		776		3088589		3486
787		780		3092477		3480
788		772		3096354		3478
789		773		3100292		3479
790		775		3104162		3475
791		763		3108017		3474
792		761		3111941		3471
793		768		3115853		3471
794		766		3119761		3473
795		763		3123689		3474
796		762		3127555		3474
797		766		3131473		3473
798		783		3135352		3476
799		781		3139208		3474
800		787		3143072		3478
801		784		3146923		3480
802		778		3150810		3480
803		773		3154689		3481
804		770		3158567		3479
805		763		3162432		3481
806		748		3166316		3480
807		744		3170216		3484
808		746		3174062		3480
809		745		3177961		3482
810		741		3181857		3478
811		739		3185723		3476
812		745		3189607		3480
813		745		3193503		3479
814		736		3197398		3479
815		735		3201276		3479
816		734		3205146		3478
817		734		3209006		3481
818		726		3212881		3480
819		719		3216746		3481
820		728		3220606		3477
821		728		3224454		3476
822		721		3228362		3480
823		719		3232287		3480
824		723		3236118		3482
825		723		3239984		3482
826		726		3243849		3482
827		724		3247710		3483
828		724		3251556		3482
829		715		3255467		3482
830		711		3259361		3480
831		711		3263226		3484
832		705		3267076		3481
833		707		3270940		3484
834		706		3274770		3486
835		705		3278662		3484
836		706		3282570		3482
837		700		3286440		3479
838		702		3290338		3478
839		704		3294229		3478
840		696		3298120		3478
841		696		3301947		3475
842		688		3305819		3478
843		692		3309707		3476
844		694		3313560		3473
845		695		3317489		3473
846		696		3321383		3474
847		693		3325224		3471
848		691		3329093		3469
849		694		3332975		3471
850		693		3336872		3472
851		690		3340731		3473
852		690		3344631		3473
853		689		3348512		3475
854		683		3352384		3470
855		682		3356245		3475
856		684		3360103		3477
857		685		3363978		3476
858		682		3367864		3476
859		681		3371773		3474
860		681		3375599		3475
861		682		3379486		3483
862		679		3383367		3480
863		677		3387243		3481
864		679		3391116		3482
865		678		3394987		3478
866		678		3398858		3478
867		678		3402782		3480
868		675		3406639		3477
869		679		3410534		3478
870		669		3414425		3479
871		669		3418333		3479
872		668		3422238		3480
873		666		3426110		3482
874		666		3429969		3480
875		667		3433863		3480
876		669		3437745		3481
877		669		3441580		3484
878		666		3445472		3484
879		667		3449339		3483
880		665		3453183		3485
881		666		3457100		3485
882		666		3460982		3485
883		666		3464809		3484
884		667		3468644		3482
885		667		3472568		3481
886		669		3476442		3481
887		670		3480338		3481
888		671		3484229		3481
889		667		3488127		3478
890		666		3492012		3479
891		664		3495897		3480
892		662		3499801		3481
893		657		3503683		3480
894		654		3507556		3481
895		653		3511450		3482
896		656		3515265		3484
897		657		3519073		3486
898		657		3522936		3486
899		657		3526813		3486
900		657		3530733		3486
901		658		3534602		3487
902		658		3538464		3487
903		654		3542353		3486
904		654		3546235		3486
905		652		3550134		3486
906		649		3554019		3488
907		650		3557869		3487
908		648		3561811		3486
909		648		3565692		3485
910		649		3569512		3484
911		646		3573362		3484
912		646		3577221		3484
913		645		3581108		3484
914		645		3585006		3485
915		645		3588890		3485
916		646		3592740		3485
917		646		3596656		3485
918		646		3600518		3483
919		646		3604383		3483
920		646		3608269		3482
921		646		3612135		3482
922		646		3615952		3482
923		646		3619895		3482
924		646		3623720		3481
925		646		3627564		3481
926		646		3631448		3482
927		646		3635321		3482
928		646		3639154		3483
929		644		3643043		3483
930		642		3646933		3483
931		642		3650822		3483
932		642		3654718		3483
933		643		3658624		3483
934		643		3662477		3483
935		642		3666403		3481
936		642		3670293		3481
937		642		3674123		3481
938		642		3678010		3481
939		642		3681901		3479
940		640		3685799		3480
941		642		3689678		3480
942		642		3693555		3480
943		641		3697400		3482
944		641		3701273		3482
945		641		3705132		3480
946		641		3709007		3478
947		641		3712819		3478
948		641		3716728		3478
949		641		3720625		3478
950		641		3724542		3479
951		641		3728415		3479
952		641		3732291		3479
953		641		3736149		3479
954		641		3740043		3479
955		641		3743929		3479
956		641		3747814		3480
957		641		3751700		3480
958		638		3755600		3480
959		638		3759465		3480
960		638		3763305		3480
961		634		3767202		3478
962		634		3771107		3478
963		634		3775008		3478
964		634		3778889		3479
965		634		3782766		3479
966		634		3786633		3479
967		634		3790509		3479
968		633		3794378		3478
969		633		3798254		3478
970		632		3802181		3476
971		632		3806022		3476
972		632		3809940		3478
973		632		3813799		3478
974		632		3817658		3478
975		632		3821562		3478
976		632		3825443		3477
977		632		3829350		3476
978		632		3833251		3475
979		632		3837096		3474
980		632		3840964		3473
981		632		3844841		3474
982		632		3848703		3474
983		632		3852570		3474
984		632		3856428		3474
985		632		3860291		3474
986		632		3864180		3475
987		633		3868033		3478
988		633		3871894		3478
989		633		3875767		3478
990		633		3879621		3478
991		633		3883500		3478
992		633		3887420		3478
993		633		3891260		3478
994		633		3895111		3478
995		633		3898985		3478
996		633		3902909		3479
997		631		3906780		3479
998		633		3910605		3479
999		633		3914476		3478
1000		633		3918351		3478
1001		633		3918351		3478
1002		632		3918352		3478
1003		632		3918352		3478
1004		629		3918353		3477
1005		629		3918353		3477
1006		629		3918353		3477
1007		629		3918353		3477
1008		629		3918353		3477
1009		629		3918353		3477
1010		629		3918353		3477
1011		629		3918353		3477
1012		629		3918353		3477
1013		629		3918353		3477
1014		628		3918354		3477
1015		628		3918354		3477
1016		628		3918354		3477
1017		628		3918354		3477
1018		628		3918354		3477
1019		628		3918354		3477
1020		628		3918354		3477
1021		628		3918354		3477
1022		628		3918354		3477
1023		628		3918354		3477
1024		628		3918354		3477
1025		627		3918355		3476
1026		627		3918355		3476
1027		627		3918355		3476
1028		627		3918355		3476
1029		627		3918355		3476
1030		626		3918356		3476
1031		626		3918356		3476
1032		626		3918356		3476
1033		625		3918357		3475
1034		624		3918358		3476
1035		624		3918358		3476
1036		624		3918358		3476
1037		624		3918358		3476
1038		624		3918358		3476
1039		624		3918358		3476
1040		622		3918359		3476
1041		622		3918359		3476
1042		622		3918359		3476
1043		622		3918359		3476
1044		622		3918359		3476
1045		622		3918359		3476
1046		622		3918359		3476
1047		622		3918359		3476
1048		623		3918360		3478
1049		623		3918360		3478
1050		623		3918360		3478
1051		623		3918360		3478
1052		623		3918360		3478
1053		623		3918360		3478
1054		623		3918360		3478
1055		623		3918360		3478
1056		623		3918360		3478
1057		623		3918360		3478
1058		623		3918360		3478
1059		623		3918360		3478
1060		623		3918360		3478
1061		623		3918360		3478
1062		623		3918360		3478
1063		623		3918360		3478
1064		619		3918362		3476
1065		619		3918362		3476
1066		619		3918362		3476
1067		619		3918362		3476
1068		619		3918362		3476
1069		619		3918362		3476
1070		619		3918362		3476
1071		619		3918362		3476
1072		619		3918362		3476
1073		619		3918362		3476
1074		619		3918362		3476
1075		619		3918362		3476
1076		619		3918362		3476
1077		619		3918362		3476
1078		619		3918362		3476
1079		619		3918362		3476
1080		619		3918362		3476
1081		619		3918362		3476
1082		619		3918362		3476
1083		619		3918362		3476
1084		619		3918362		3476
1085		619		3918362		3476
1086		619		3918362		3476
1087		619		3918362		3476
1088		619		3918362		3476
1089		619		3918362		3476
1090		619		3918362		3476
1091		619		3918362		3476
1092		619		3918362		3476
1093		619		3918362		3476
1094		619		3918362		3476
1095		619		3918362		3476
1096		619		3918362		3476
1097		619		3918362		3476
1098		619		3918362		3476
1099		619		3918362		3476
1100		619		3918362		3476
1101		619		3918362		3476
1102		619		3918362		3476
1103		619		3918362		3476
1104		619		3918362		3476
1105		619		3918362		3476
1106		619		3918362		3476
1107		619		3918362		3476
1108		619		3918362		3476
1109		619		3918362		3476
1110		619		3918362		3476
1111		619		3918362		3476
1112		619		3918362		3476
1113		619		3918362		3476
1114		619		3918362		3476
1115		619		3918362		3476
1116		619		3918362		3476
1117		619		3918362		3476
1118		619		3918362		3476
1119		619		3918362		3476
1120		619		3918362		3476
1121		619		3918362		3476
1122		619		3918362		3476
1123		619		3918362		3476
1124		618		3918363		3476
1125		618		3918363		3476
1126		618		3918363		3476
1127		618		3918363		3476
1128		618		3918363		3476
1129		618		3918363		3476
1130		617		3918364		3475
1131		617		3918364		3475
1132		617		3918364		3475
1133		617		3918364		3475
1134		617		3918364		3475
1135		617		3918364		3475
1136		617		3918364		3475
1137		617		3918364		3475
1138		617		3918364		3475
1139		617		3918364		3475
1140		617		3918364		3475
1141		617		3918364		3475
1142		617		3918364		3475
1143		617		3918364		3475
1144		617		3918364		3475
1145		617		3918364		3475
1146		617		3918364		3475
1147		617		3918364		3475
1148		617		3918364		3475
1149		617		3918364		3475
1150		617		3918364		3475
1151		617		3918364		3475
1152		617		3918364		3475
1153		617		3918364		3475
1154		617		3918364		3475
1155		617		3918364		3475
1156		617		3918364		3475
1157		617		3918364		3475
1158		617		3918364		3475
1159		617		3918364		3475
1160		617		3918364		3475
1161		617		3918364		3475
1162		617		3918364		3475
1163		617		3918364		3475
1164		617		3918364		3475
1165		617		3918364		3475
1166		617		3918364		3475
1167		617		3918364		3475
1168		617		3918364		3475
1169		617		3918364		3475
1170		617		3918364		3475
1171		617		3918364		3475
1172		617		3918364		3475
1173		617		3918364		3475
1174		617		3918364		3475
1175		617		3918364		3475
1176		617		3918364		3475
1177		617		3918364		3475
1178		617		3918364		3475
1179		617		3918364		3475
1180		617		3918364		3475
1181		617		3918364		3475
1182		617		3918364		3475
1183		617		3918364		3475
1184		617		3918364		3475
1185		617		3918364		3475
1186		617		3918364		3475
1187		617		3918364		3475
1188		617		3918364		3475
1189		617		3918364		3475
1190		617		3918364		3475
1191		617		3918364		3475
1192		617		3918364		3475
1193		617		3918364		3475
1194		617		3918364		3475
1195		617		3918364		3475
1196		617		3918364		3475
1197		617		3918364		3475
1198		617		3918364		3475
1199		617		3918364		3475
1200		617		3918364		3475
1201		617		3918364		3475
1202		617		3918364		3475
1203		617		3918364		3475
1204		617		3918364		3475
1205		617		3918364		3475
1206		617		3918364		3475
1207		617		3918364		3475
1208		617		3918364		3475
1209		617		3918364		3475
1210		617		3918364		3475
1211		617		3918364		3475
1212		617		3918364		3475
1213		617		3918364		3475
1214		617		3918364		3475
1215		617		3918364		3475
1216		617		3918364		3475
1217		617		3918364		3475
1218		617		3918364		3475
1219		617		3918364		3475
1220		617		3918364		3475
1221		617		3918364		3475
1222		617		3918364		3475
1223		617		3918364		3475
1224		617		3918364		3475
1225		617		3918364		3475
1226		617		3918364		3475
1227		617		3918364		3475
1228		617		3918364		3475
1229		617		3918364		3475
1230		617		3918364		3475
1231		617		3918364		3475
1232		617		3918364		3475
1233		617		3918364		3475
1234		617		3918364		3475
1235		617		3918364		3475
1236		617		3918364		3475
1237		617		3918364		3475
1238		617		3918364		3475
1239		617		3918364		3475
1240		617		3918364		3475
1241		617		3918364		3475
1242		617		3918364		3475
1243		617		3918364		3475
1244		617		3918364		3475
1245		617		3918364		3475
1246		617		3918364		3475
1247		617		3918364		3475
1248		617		3918364		3475
1249		617		3918364		3475
1250		617		3918364		3475
1251		617		3918364		3475
1252		617		3918364		3475
1253		617		3918364		3475
1254		617		3918364		3475
1255		617		3918364		3475
1256		617		3918364		3475
1257		617		3918364		3475
1258		617		3918364		3475
1259		617		3918364		3475
1260		617		3918364		3475
1261		617		3918364		3475
1262		617		3918364		3475
1263		617		3918364		3475
1264		617		3918364		3475
1265		617		3918364		3475
1266		617		3918364		3475
1267		617		3918364		3475
1268		617		3918364		3475
1269		617		3918364		3475
1270		617		3918364		3475
1271		617		3918364		3475
1272		617		3918364		3475
1273		617		3918364		3475
1274		617		3918364		3475
1275		617		3918364		3475
1276		617		3918364		3475
1277		617		3918364		3475
1278		617		3918364		3475
1279		617		3918364		3475
1280		617		3918364		3475
1281		617		3918364		3475
1282		617		3918364		3475
1283		617		3918364		3475
1284		617		3918364		3475
1285		617		3918364		3475
1286		617		3918364		3475
1287		617		3918364		3475
1288		617		3918364		3475
1289		617		3918364		3475
1290		616		3918365		3476
1291		616		3918365		3476
1292		616		3918365		3476
1293		616		3918365		3476
1294		616		3918365		3476
1295		616		3918365		3476
1296		616		3918365		3476
1297		616		3918365		3476
1298		616		3918365		3476
1299		616		3918365		3476
1300		616		3918365		3476
1301		616		3918365		3476
1302		616		3918365		3476
1303		616		3918365		3476
1304		616		3918365		3476
1305		616		3918365		3476
1306		616		3918365		3476
1307		616		3918365		3476
1308		616		3918365		3476
1309		616		3918365		3476
1310		616		3918365		3476
1311		616		3918365		3476
1312		616		3918365		3476
1313		616		3918365		3476
1314		616		3918365		3476
1315		616		3918365		3476
1316		616		3918365		3476
1317		616		3918365		3476
1318		616		3918365		3476
1319		616		3918365		3476
1320		616		3918365		3476
1321		616		3918365		3476
1322		616		3918365		3476
1323		616		3918365		3476
1324		616		3918365		3476
1325		616		3918365		3476
1326		616		3918365		3476
1327		616		3918365		3476
1328		616		3918365		3476
1329		616		3918365		3476
1330		616		3918365		3476
1331		616		3918365		3476
1332		616		3918365		3476
1333		616		3918365		3476
1334		616		3918365		3476
1335		616		3918365		3476
1336		616		3918365		3476
1337		616		3918365		3476
1338		616		3918365		3476
1339		616		3918365		3476
1340		616		3918365		3476
1341		616		3918365		3476
1342		616		3918365		3476
1343		616		3918365		3476
1344		616		3918365		3476
1345		616		3918365		3476
1346		616		3918365		3476
1347		616		3918365		3476
1348		616		3918365		3476
1349		616		3918365		3476
1350		616		3918365		3476
1351		616		3918365		3476
1352		616		3918365		3476
1353		616		3918365		3476
1354		616		3918365		3476
1355		616		3918365		3476
1356		616		3918365		3476
1357		616		3918365		3476
1358		616		3918365		3476
1359		616		3918365		3476
1360		616		3918365		3476
1361		616		3918365		3476
1362		616		3918365		3476
1363		616		3918365		3476
1364		616		3918365		3476
1365		616		3918365		3476
1366		616		3918365		3476
1367		616		3918365		3476
1368		616		3918365		3476
1369		616		3918365		3476
1370		616		3918365		3476
1371		616		3918365		3476
1372		616		3918365		3476
1373		616		3918365		3476
1374		616		3918365		3476
1375		616		3918365		3476
1376		616		3918365		3476
1377		616		3918365		3476
1378		616		3918365		3476
1379		616		3918365		3476
1380		616		3918365		3476
1381		616		3918365		3476
1382		616		3918365		3476
1383		616		3918365		3476
1384		616		3918365		3476
1385		616		3918365		3476
1386		616		3918365		3476
1387		616		3918365		3476
1388		616		3918365		3476
1389		616		3918365		3476
1390		616		3918365		3476
1391		616		3918365		3476
1392		616		3918365		3476
1393		616		3918365		3476
1394		616		3918365		3476
1395		616		3918365		3476
1396		616		3918365		3476
1397		616		3918365		3476
1398		616		3918365		3476
1399		616		3918365		3476
1400		616		3918365		3476
1401		616		3918365		3476
1402		616		3918365		3476
1403		616		3918365		3476
1404		616		3918365		3476
1405		616		3918365		3476
1406		616		3918365		3476
1407		616		3918365		3476
1408		616		3918365		3476
1409		616		3918365		3476
1410		616		3918365		3476
1411		616		3918365		3476
1412		616		3918365		3476
1413		616		3918365		3476
1414		616		3918365		3476
1415		616		3918365		3476
1416		616		3918365		3476
1417		616		3918365		3476
1418		616		3918365		3476
1419		616		3918365		3476
1420		616		3918365		3476
1421		616		3918365		3476
1422		616		3918365		3476
1423		616		3918365		3476
1424		616		3918365		3476
1425		616		3918365		3476
1426		616		3918365		3476
1427		616		3918365		3476
1428		616		3918365		3476
1429		616		3918365		3476
1430		616		3918365		3476
1431		616		3918365		3476
1432		616		3918365		3476
1433		616		3918365		3476
1434		616		3918365		3476
1435		616		3918365		3476
1436		616		3918365		3476
1437		616		3918365		3476
1438		616		3918365		3476
1439		616		3918365		3476
1440		616		3918365		3476
1441		616		3918365		3476
1442		616		3918365		3476
1443		616		3918365		3476
1444		616		3918365		3476
1445		616		3918365		3476
1446		616		3918365		3476
1447		616		3918365		3476
1448		616		3918365		3476
1449		616		3918365		3476
1450		616		3918365		3476
1451		616		3918365		3476
1452		616		3918365		3476
1453		616		3918365		3476
1454		616		3918365		3476
1455		616		3918365		3476
1456		616		3918365		3476
1457		616		3918365		3476
1458		616		3918365		3476
1459		616		3918365		3476
1460		616		3918365		3476
1461		616		3918365		3476
1462		616		3918365		3476
1463		616		3918365		3476
1464		616		3918365		3476
1465		616		3918365		3476
1466		616		3918365		3476
1467		616		3918365		3476
1468		616		3918365		3476
1469		616		3918365		3476
1470		616		3918365		3476
1471		616		3918365		3476
1472		616		3918365		3476
1473		616		3918365		3476
1474		616		3918365		3476
1475		616		3918365		3476
1476		616		3918365		3476
1477		616		3918365		3476
1478		616		3918365		3476
1479		616		3918365		3476
1480		616		3918365		3476
1481		616		3918365		3476
1482		616		3918365		3476
1483		616		3918365		3476
1484		616		3918365		3476
1485		616		3918365		3476
1486		616		3918365		3476
1487		616		3918365		3476
1488		616		3918365		3476
1489		616		3918365		3476
1490		616		3918365		3476
1491		616		3918365		3476
1492		616		3918365		3476
1493		616		3918365		3476
1494		616		3918365		3476
1495		616		3918365		3476
1496		616		3918365		3476
1497		616		3918365		3476
1498		616		3918365		3476
1499		616		3918365		3476
1500		616		3918365		3476
1501		616		3918365		3476
1502		616		3918365		3476
1503		616		3918365		3476
1504		616		3918365		3476
1505		616		3918365		3476
1506		616		3918365		3476
1507		616		3918365		3476
1508		616		3918365		3476
1509		616		3918365		3476
1510		616		3918365		3476
1511		616		3918365		3476
1512		616		3918365		3476
1513		616		3918365		3476
1514		616		3918365		3476
1515		616		3918365		3476
1516		616		3918365		3476
1517		616		3918365		3476
1518		616		3918365		3476
1519		616		3918365		3476
1520		616		3918365		3476
1521		616		3918365		3476
1522		616		3918365		3476
1523		616		3918365		3476
1524		616		3918365		3476
1525		616		3918365		3476
1526		616		3918365		3476
1527		616		3918365		3476
1528		616		3918365		3476
1529		616		3918365		3476
1530		616		3918365		3476
1531		616		3918365		3476
1532		616		3918365		3476
1533		616		3918365		3476
1534		616		3918365		3476
1535		616		3918365		3476
1536		616		3918365		3476
1537		616		3918365		3476
1538		616		3918365		3476
1539		616		3918365		3476
1540		616		3918365		3476
1541		616		3918365		3476
1542		616		3918365		3476
1543		616		3918365		3476
1544		616		3918365		3476
1545		616		3918365		3476
1546		616		3918365		3476
1547		616		3918365		3476
1548		616		3918365		3476
1549		616		3918365		3476
1550		616		3918365		3476
1551		616		3918365		3476
1552		616		3918365		3476
1553		616		3918365		3476
1554		616		3918365		3476
1555		616		3918365		3476
1556		616		3918365		3476
1557		616		3918365		3476
1558		616		3918365		3476
1559		616		3918365		3476
1560		616		3918365		3476
1561		616		3918365		3476
1562		616		3918365		3476
1563		616		3918365		3476
1564		616		3918365		3476
1565		616		3918365		3476
1566		616		3918365		3476
1567		616		3918365		3476
1568		616		3918365		3476
1569		616		3918365		3476
1570		616		3918365		3476
1571		616		3918365		3476
1572		616		3918365		3476
1573		616		3918365		3476
1574		616		3918365		3476
1575		616		3918365		3476
1576		616		3918365		3476
1577		616		3918365		3476
1578		616		3918365		3476
1579		616		3918365		3476
1580		616		3918365		3476
1581		616		3918365		3476
1582		616		3918365		3476
1583		616		3918365		3476
1584		616		3918365		3476
1585		616		3918365		3476
1586		616		3918365		3476
1587		616		3918365		3476
1588		616		3918365		3476
1589		616		3918365		3476
1590		616		3918365		3476
1591		616		3918365		3476
1592		616		3918365		3476
1593		616		3918365		3476
1594		616		3918365		3476
1595		616		3918365		3476
1596		616		3918365		3476
1597		616		3918365		3476
1598		616		3918365		3476
1599		616		3918365		3476
1600		616		3918365		3476
1601		616		3918365		3476
1602		616		3918365		3476
1603		616		3918365		3476
1604		616		3918365		3476
1605		616		3918365		3476
1606		616		3918365		3476
1607		616		3918365		3476
1608		616		3918365		3476
1609		616		3918365		3476
1610		616		3918365		3476
1611		616		3918365		3476
1612		616		3918365		3476
1613		616		3918365		3476
1614		616		3918365		3476
1615		616		3918365		3476
1616		616		3918365		3476
1617		616		3918365		3476
1618		616		3918365		3476
1619		616		3918365		3476
1620		616		3918365		3476
1621		616		3918365		3476
1622		616		3918365		3476
1623		616		3918365		3476
1624		616		3918365		3476
1625		616		3918365		3476
1626		616		3918365		3476
1627		616		3918365		3476
1628		616		3918365		3476
1629		616		3918365		3476
1630		616		3918365		3476
1631		616		3918365		3476
1632		616		3918365		3476
1633		616		3918365		3476
1634		616		3918365		3476
1635		616		3918365		3476
1636		616		3918365		3476
1637		616		3918365		3476
1638		616		3918365		3476
1639		616		3918365		3476
1640		616		3918365		3476
1641		616		3918365		3476
1642		616		3918365		3476
1643		616		3918365		3476
1644		616		3918365		3476
1645		616		3918365		3476
1646		616		3918365		3476
1647		616		3918365		3476
1648		616		3918365		3476
1649		616		3918365		3476
1650		616		3918365		3476
1651		616		3918365		3476
1652		616		3918365		3476
1653		616		3918365		3476
1654		616		3918365		3476
1655		616		3918365		3476
1656		616		3918365		3476
1657		616		3918365		3476
1658		616		3918365		3476
1659		616		3918365		3476
1660		616		3918365		3476
1661		616		3918365		3476
1662		616		3918365		3476
1663		616		3918365		3476
1664		616		3918365		3476
1665		616		3918365		3476
1666		616		3918365		3476
1667		616		3918365		3476
1668		616		3918366		3477
1669		616		3918366		3477
1670		616		3918366		3477
1671		616		3918366		3477
1672		616		3918366		3477
1673		616		3918366		3477
1674		616		3918366		3477
1675		616		3918366		3477
1676		616		3918366		3477
1677		616		3918366		3477
1678		616		3918366		3477
1679		616		3918366		3477
1680		616		3918366		3477
1681		616		3918366		3477
1682		616		3918366		3477
1683		616		3918366		3477
1684		616		3918366		3477
1685		616		3918366		3477
1686		616		3918366		3477
1687		616		3918366		3477
1688		616		3918366		3477
1689		616		3918366		3477
1690		616		3918366		3477
1691		616		3918366		3477
1692		616		3918366		3477
1693		616		3918366		3477
1694		616		3918366		3477
1695		616		3918366		3477
1696		616		3918366		3477
1697		616		3918366		3477
1698		616		3918366		3477
1699		616		3918366		3477
1700		616		3918366		3477
1701		616		3918366		3477
1702		616		3918366		3477
1703		616		3918366		3477
1704		616		3918366		3477
1705		616		3918366		3477
1706		616		3918366		3477
1707		615		3918367		3477
1708		615		3918367		3477
1709		615		3918367		3477
1710		615		3918367		3477
1711		615		3918367		3477
1712		615		3918367		3477
1713		615		3918367		3477
1714		615		3918367		3477
1715		615		3918367		3477
1716		615		3918367		3477
1717		615		3918367		3477
1718		615		3918367		3477
1719		615		3918367		3477
1720		615		3918367		3477
1721		615		3918367		3477
1722		615		3918367		3477
1723		615		3918367		3477
1724		615		3918367		3477
1725		615		3918367		3477
1726		615		3918367		3477
1727		615		3918367		3477
1728		615		3918367		3477
1729		615		3918367		3477
1730		615		3918367		3477
1731		615		3918367		3477
1732		615		3918367		3477
1733		615		3918367		3477
1734		615		3918367		3477
1735		615		3918367		3477
1736		615		3918367		3477
1737		615		3918367		3477
1738		615		3918367		3477
1739		615		3918367		3477
1740		615		3918367		3477
1741		615		3918367		3477
1742		615		3918367		3477
1743		615		3918367		3477
1744		615		3918367		3477
1745		615		3918367		3477
1746		615		3918367		3477
1747		615		3918367		3477
1748		615		3918367		3477
1749		615		3918367		3477
1750		615		3918367		3477
1751		615		3918367		3477
1752		615		3918367		3477
1753		615		3918367		3477
1754		615		3918367		3477
1755		615		3918367		3477
1756		615		3918367		3477
1757		615		3918367		3477
1758		615		3918367		3477
1759		615		3918367		3477
1760		615		3918367		3477
1761		615		3918367		3477
1762		615		3918367		3477
1763		615		3918367		3477
1764		615		3918367		3477
1765		615		3918367		3477
1766		615		3918367		3477
1767		615		3918367		3477
1768		615		3918367		3477
1769		615		3918367		3477
1770		615		3918367		3477
1771		615		3918367		3477
1772		615		3918367		3477
1773		615		3918367		3477
1774		615		3918367		3477
1775		615		3918367		3477
1776		615		3918367		3477
1777		615		3918367		3477
1778		615		3918367		3477
1779		615		3918367		3477
1780		615		3918367		3477
1781		615		3918367		3477
1782		615		3918367		3477
1783		615		3918367		3477
1784		615		3918367		3477
1785		615		3918367		3477
1786		615		3918367		3477
1787		615		3918367		3477
1788		615		3918367		3477
1789		615		3918367		3477
1790		615		3918367		3477
1791		615		3918367		3477
1792		615		3918367		3477
1793		615		3918367		3477
1794		615		3918367		3477
1795		615		3918367		3477
1796		615		3918367		3477
1797		615		3918367		3477
1798		615		3918367		3477
1799		615		3918367		3477
1800		615		3918367		3477
1801		615		3918367		3477
1802		615		3918367		3477
1803		615		3918367		3477
1804		615		3918367		3477
1805		615		3918367		3477
1806		615		3918367		3477
1807		615		3918367		3477
1808		615		3918367		3477
1809		615		3918367		3477
1810		615		3918367		3477
1811		615		3918367		3477
1812		615		3918367		3477
1813		615		3918367		3477
1814		615		3918367		3477
1815		615		3918367		3477
1816		615		3918367		3477
1817		615		3918368		3475
1818		615		3918368		3475
1819		615		3918368		3475
1820		615		3918368		3475
1821		615		3918368		3475
1822		615		3918368		3475
1823		615		3918368		3475
1824		615		3918368		3475
1825		615		3918368		3475
1826		615		3918368		3475
1827		615		3918368		3475
1828		615		3918368		3475
1829		615		3918368		3475
1830		615		3918368		3475
1831		615		3918368		3475
1832		616		3918369		3473
1833		616		3918369		3473
1834		616		3918369		3473
1835		616		3918369		3473
1836		616		3918369		3473
1837		616		3918369		3473
1838		616		3918369		3473
1839		616		3918369		3473
1840		616		3918369		3473
1841		616		3918369		3473
1842		616		3918369		3473
1843		616		3918369		3473
1844		616		3918369		3473
1845		616		3918369		3473
1846		616		3918369		3473
1847		616		3918369		3473
1848		616		3918369		3473
1849		616		3918369		3473
1850		616		3918369		3473
1851		616		3918369		3473
1852		616		3918369		3473
1853		616		3918369		3473
1854		616		3918369		3473
1855		616		3918369		3473
1856		616		3918369		3473
1857		616		3918369		3473
1858		616		3918369		3473
1859		616		3918369		3473
1860		616		3918369		3473
1861		616		3918369		3473
1862		616		3918369		3473
1863		616		3918369		3473
1864		616		3918369		3473
1865		616		3918369		3473
1866		616		3918369		3473
1867		616		3918369		3473
1868		616		3918369		3473
1869		616		3918369		3473
1870		616		3918369		3473
1871		616		3918369		3473
1872		616		3918369		3473
1873		616		3918369		3473
1874		616		3918369		3473
1875		616		3918369		3473
1876		616		3918369		3473
1877		616		3918369		3473
1878		616		3918369		3473
1879		616		3918369		3473
1880		616		3918369		3473
1881		616		3918369		3473
1882		616		3918369		3473
1883		616		3918369		3473
1884		616		3918369		3473
1885		616		3918369		3473
1886		616		3918369		3473
1887		616		3918369		3473
1888		616		3918369		3473
1889		616		3918369		3473
1890		616		3918369		3473
1891		616		3918369		3473
1892		615		3918370		3475
1893		615		3918370		3475
1894		615		3918370		3475
1895		615		3918370		3475
1896		615		3918370		3475
1897		615		3918370		3475
1898		615		3918370		3475
1899		615		3918370		3475
1900		615		3918370		3475
1901		615		3918370		3475
1902		615		3918370		3475
1903		615		3918370		3475
1904		615		3918370		3475
1905		615		3918370		3475
1906		615		3918370		3475
1907		615		3918370		3475
1908		615		3918370		3475
1909		615		3918370		3475
1910		615		3918370		3475
1911		615		3918370		3475
1912		615		3918370		3475
1913		615		3918370		3475
1914		615		3918370		3475
1915		615		3918370		3475
1916		615		3918370		3475
1917		615		3918370		3475
1918		615		3918370		3475
1919		615		3918370		3475
1920		615		3918370		3475
1921		615		3918370		3475
1922		615		3918370		3475
1923		615		3918370		3475
1924		615		3918370		3475
1925		615		3918370		3475
1926		615		3918370		3475
1927		615		3918370		3475
1928		614		3918371		3476
1929		614		3918371		3476
1930		614		3918371		3476
1931		614		3918371		3476
1932		614		3918371		3476
1933		614		3918371		3476
1934		614		3918371		3476
1935		614		3918371		3476
1936		614		3918371		3476
1937		614		3918371		3476
1938		614		3918371		3476
1939		614		3918371		3476
1940		614		3918371		3476
1941		614		3918371		3476
1942		614		3918371		3476
1943		614		3918371		3476
1944		614		3918371		3476
1945		614		3918371		3476
1946		614		3918371		3476
1947		614		3918371		3476
1948		614		3918371		3476
1949		614		3918371		3476
1950		614		3918371		3476
1951		614		3918371		3476
1952		614		3918371		3476
1953		614		3918371		3476
1954		614		3918371		3476
1955		614		3918371		3476
1956		614		3918371		3476
1957		614		3918371		3476
1958		614		3918371		3476
1959		614		3918371		3476
1960		614		3918371		3476
1961		614		3918371		3476
1962		614		3918371		3476
1963		614		3918371		3476
1964		614		3918371		3476
1965		614		3918371		3476
1966		614		3918371		3476
1967		614		3918371		3476
1968		614		3918371		3476
1969		614		3918371		3476
1970		614		3918371		3476
1971		614		3918371		3476
1972		614		3918371		3476
1973		614		3918371		3476
1974		614		3918371		3476
1975		614		3918371		3476
1976		614		3918371		3476
1977		614		3918371		3476
1978		614		3918371		3476
1979		614		3918371		3476
1980		614		3918371		3476
1981		614		3918371		3476
1982		614		3918371		3476
1983		614		3918371		3476
1984		614		3918371		3476
1985		614		3918371		3476
1986		614		3918371		3476
1987		614		3918371		3476
1988		614		3918371		3476
1989		614		3918371		3476
1990		614		3918371		3476
1991		614		3918371		3476
1992		614		3918371		3476
1993		614		3918371		3476
1994		614		3918371		3476
1995		614		3918371		3476
1996		614		3918371		3476
1997		614		3918371		3476
1998		614		3918371		3476
1999		614		3918371		3476
