# Migration is number of nodes that have changed color.

Round		Edge-Cut		Swaps		Migrations		Skipped
0		6587		4583		2782
1		5713		8975		3073
2		5268		13316		3194
3		4919		17562		3247
4		4618		21785		3305
5		4443		26000		3313
6		4338		30216		3335
7		4170		34427		3325
8		4016		38635		3341
9		3887		42850		3341
10		3768		47011		3344
11		3634		51127		3365
12		3526		55248		3359
13		3498		59366		3374
14		3398		63456		3378
15		3304		67551		3403
16		3204		71637		3401
17		3218		75728		3410
18		3181		79786		3406
19		3149		83882		3376
20		3116		87948		3382
21		3040		92070		3373
22		2925		96141		3398
23		2974		100187		3399
24		2824		104251		3424
25		2782		108309		3406
26		2678		112365		3402
27		2700		116439		3406
28		2712		120500		3403
29		2712		124533		3403
30		2743		128556		3406
31		2677		132572		3382
32		2700		136624		3406
33		2703		140619		3399
34		2656		144641		3368
35		2642		148639		3391
36		2589		152683		3420
37		2604		156737		3415
38		2611		160799		3411
39		2573		164851		3417
40		2576		168902		3411
41		2559		172937		3416
42		2516		176955		3411
43		2499		180954		3406
44		2500		184949		3400
45		2473		188944		3419
46		2468		192993		3427
47		2466		197011		3433
48		2472		201046		3434
49		2425		205080		3423
50		2398		209120		3430
51		2375		213116		3447
52		2360		217110		3454
53		2332		221125		3456
54		2346		225090		3463
55		2349		229114		3441
56		2345		233140		3441
57		2334		237109		3450
58		2317		241083		3449
59		2291		245071		3436
60		2285		249086		3442
61		2241		253122		3450
62		2215		257146		3425
63		2180		261117		3445
64		2213		265094		3461
65		2211		269089		3440
66		2193		273088		3455
67		2204		277062		3451
68		2209		281094		3448
69		2221		285087		3461
70		2156		289109		3462
71		2149		293137		3461
72		2103		297127		3467
73		2130		301138		3478
74		2145		305125		3474
75		2151		309092		3474
76		2122		313082		3461
77		2168		317093		3463
78		2161		321060		3470
79		2131		324994		3459
80		2150		328996		3458
81		2111		332975		3469
82		2079		337010		3478
83		2060		341014		3454
84		2065		344942		3461
85		2073		348932		3460
86		2087		352948		3465
87		2116		356964		3477
88		2075		360949		3471
89		2057		364956		3465
90		2072		368990		3470
91		2043		372952		3482
92		2050		376959		3475
93		2007		380942		3471
94		2030		384936		3470
95		1970		388903		3457
96		1918		392872		3459
97		1940		396857		3444
98		1941		400812		3437
99		1893		404767		3447
100		1935		408737		3458
101		1926		412765		3468
102		1866		416732		3488
103		1867		420713		3476
104		1821		424645		3482
105		1774		428659		3504
106		1769		432643		3497
107		1824		436602		3482
108		1807		440598		3491
109		1765		444545		3474
110		1767		448533		3462
111		1752		452493		3477
112		1705		456458		3481
113		1680		460423		3472
114		1681		464338		3454
115		1683		468234		3459
116		1677		472201		3466
117		1737		476138		3470
118		1736		480096		3469
119		1730		484108		3467
120		1763		488091		3447
121		1712		492054		3463
122		1689		495999		3480
123		1710		499958		3477
124		1728		503908		3484
125		1732		507868		3482
126		1713		511849		3478
127		1721		515806		3482
128		1714		519795		3477
129		1669		523752		3482
130		1717		527717		3483
131		1710		531616		3472
132		1737		535616		3476
133		1717		539562		3487
134		1724		543509		3495
135		1749		547503		3496
136		1706		551405		3488
137		1679		555393		3490
138		1687		559371		3497
139		1739		563386		3504
140		1723		567356		3493
141		1690		571294		3491
142		1697		575220		3482
143		1704		579230		3495
144		1722		583220		3499
145		1680		587160		3506
146		1698		591134		3506
147		1704		595099		3480
148		1717		599084		3474
149		1704		603078		3476
150		1698		607003		3464
151		1669		610934		3459
152		1654		614915		3467
153		1653		618878		3479
154		1645		622796		3487
155		1629		626732		3488
156		1647		630697		3494
157		1662		634666		3489
158		1686		638596		3479
159		1635		642542		3475
160		1637		646518		3485
161		1581		650444		3483
162		1611		654412		3477
163		1626		658335		3497
164		1611		662245		3503
165		1623		666176		3491
166		1632		670143		3482
167		1693		674134		3476
168		1669		678069		3490
169		1653		682041		3488
170		1657		685965		3462
171		1663		689955		3468
172		1663		693942		3461
173		1614		697921		3450
174		1581		701939		3447
175		1553		705941		3454
176		1568		709874		3447
177		1594		713784		3452
178		1568		717717		3444
179		1594		721694		3455
180		1603		725617		3446
181		1609		729576		3457
182		1603		733520		3456
183		1628		737498		3461
184		1575		741473		3463
185		1552		745414		3464
186		1566		749358		3473
187		1576		753298		3464
188		1567		757225		3461
189		1603		761166		3467
190		1584		765177		3461
191		1536		769112		3470
192		1546		773116		3476
193		1515		777106		3468
194		1525		781112		3456
195		1561		785051		3465
196		1539		789021		3469
197		1523		792976		3468
198		1532		796962		3486
199		1546		800900		3488
200		1538		804860		3484
201		1561		808797		3482
202		1577		812742		3478
203		1580		816715		3477
204		1592		820650		3475
205		1589		824611		3471
206		1558		828614		3467
207		1588		832527		3477
208		1571		836423		3473
209		1601		840385		3484
210		1607		844390		3486
211		1595		848354		3476
212		1598		852326		3477
213		1609		856235		3465
214		1616		860193		3472
215		1620		864111		3470
216		1588		868052		3472
217		1569		872017		3473
218		1551		875960		3458
219		1542		879937		3463
220		1563		883902		3475
221		1508		887814		3469
222		1521		891793		3462
223		1511		895777		3475
224		1475		899764		3477
225		1496		903730		3472
226		1553		907694		3466
227		1544		911663		3484
228		1523		915631		3472
229		1519		919584		3469
230		1561		923520		3470
231		1549		927468		3481
232		1553		931357		3478
233		1525		935279		3473
234		1508		939187		3478
235		1504		943108		3469
236		1482		947056		3473
237		1467		950983		3477
238		1499		955006		3474
239		1516		958936		3472
240		1522		962872		3474
241		1530		966844		3472
242		1513		970807		3473
243		1528		974766		3463
244		1499		978759		3463
245		1485		982691		3476
246		1508		986663		3472
247		1472		990603		3450
248		1447		994574		3456
249		1406		998556		3451
250		1401		1002477		3458
251		1384		1006447		3470
252		1388		1010383		3469
253		1358		1014301		3476
254		1359		1018269		3467
255		1337		1022226		3473
256		1357		1026153		3481
257		1308		1030082		3495
258		1275		1034024		3495
259		1249		1038008		3480
260		1235		1041964		3485
261		1205		1045859		3487
262		1211		1049796		3483
263		1209		1053696		3482
264		1205		1057636		3488
265		1207		1061519		3491
266		1185		1065425		3484
267		1187		1069338		3486
268		1194		1073275		3478
269		1217		1077226		3472
270		1198		1081156		3473
271		1162		1085085		3473
272		1194		1088975		3476
273		1181		1092867		3482
274		1179		1096803		3488
275		1165		1100641		3490
276		1160		1104514		3486
277		1149		1108464		3493
278		1165		1112371		3483
279		1150		1116302		3480
280		1151		1120225		3481
281		1126		1124129		3482
282		1124		1128080		3481
283		1130		1132044		3482
284		1149		1135964		3476
285		1160		1139859		3482
286		1154		1143777		3487
287		1170		1147667		3495
288		1180		1151563		3492
289		1165		1155493		3495
290		1164		1159395		3480
291		1159		1163313		3482
292		1160		1167235		3480
293		1194		1171166		3484
294		1170		1175135		3486
295		1163		1179087		3482
296		1191		1183010		3484
297		1211		1186953		3479
298		1222		1190879		3479
299		1214		1194830		3493
300		1213		1198760		3486
301		1199		1202670		3491
302		1200		1206645		3483
303		1214		1210617		3485
304		1207		1214534		3486
305		1218		1218446		3481
306		1221		1222420		3480
307		1233		1226369		3470
308		1239		1230267		3475
309		1256		1234187		3478
310		1241		1238145		3468
311		1241		1242077		3473
312		1235		1246016		3478
313		1242		1249957		3468
314		1205		1253905		3465
315		1185		1257833		3459
316		1194		1261740		3467
317		1203		1265678		3463
318		1201		1269625		3464
319		1215		1273563		3454
320		1206		1277453		3456
321		1210		1281413		3461
322		1198		1285321		3467
323		1177		1289220		3462
324		1163		1293119		3474
325		1171		1297013		3472
326		1172		1300929		3476
327		1168		1304847		3485
328		1177		1308784		3474
329		1161		1312733		3474
330		1166		1316660		3480
331		1160		1320625		3472
332		1143		1324499		3471
333		1169		1328436		3471
334		1165		1332294		3466
335		1151		1336208		3472
336		1152		1340136		3472
337		1144		1344056		3467
338		1135		1348015		3464
339		1151		1351982		3471
340		1146		1355876		3475
341		1110		1359782		3479
342		1104		1363658		3481
343		1108		1367614		3478
344		1092		1371557		3474
345		1099		1375452		3484
346		1080		1379317		3481
347		1067		1383275		3471
348		1081		1387143		3469
349		1056		1391031		3459
350		1060		1394950		3460
351		1073		1398856		3462
352		1068		1402794		3462
353		1040		1406706		3468
354		1046		1410637		3478
355		1005		1414548		3474
356		999		1418450		3476
357		1025		1422356		3478
358		1045		1426244		3474
359		1039		1430172		3476
360		1045		1434058		3476
361		1061		1437950		3478
362		1076		1441841		3467
363		1061		1445789		3482
364		1072		1449644		3483
365		1046		1453566		3473
366		1049		1457491		3473
367		1038		1461386		3467
368		1039		1465334		3472
369		1032		1469270		3475
370		1037		1473159		3480
371		1043		1477060		3483
372		1044		1481003		3480
373		1033		1484885		3484
374		1035		1488769		3489
375		1042		1492674		3479
376		1030		1496590		3487
377		1039		1500514		3486
378		1014		1504429		3487
379		1018		1508310		3472
380		1026		1512197		3475
381		1021		1516090		3475
382		1008		1519981		3472
383		1013		1523856		3480
384		992		1527777		3467
385		1005		1531750		3469
386		1024		1535671		3479
387		1015		1539556		3468
388		1001		1543462		3474
389		1010		1547356		3479
390		1040		1551251		3475
391		1027		1555140		3483
392		1057		1559022		3485
393		1059		1562943		3482
394		1056		1566873		3479
395		1045		1570773		3477
396		1045		1574698		3481
397		1058		1578573		3473
398		1056		1582439		3476
399		1023		1586368		3473
400		1002		1590271		3467
401		1012		1594210		3471
402		1004		1598113		3469
403		991		1602070		3463
404		998		1605969		3472
405		960		1609880		3461
406		960		1613741		3467
407		944		1617644		3465
408		952		1621524		3466
409		964		1625452		3471
410		967		1629342		3472
411		994		1633250		3466
412		994		1637137		3474
413		984		1641046		3481
414		989		1644973		3471
415		961		1648900		3473
416		955		1652780		3478
417		957		1656696		3481
418		953		1660588		3485
419		953		1664461		3482
420		950		1668355		3485
421		942		1672264		3483
422		943		1676154		3482
423		921		1680057		3482
424		929		1683964		3482
425		938		1687831		3481
426		942		1691703		3479
427		951		1695587		3482
428		967		1699481		3481
429		977		1703411		3481
430		998		1707303		3474
431		1002		1711196		3479
432		1014		1715127		3478
433		1007		1718986		3484
434		997		1722900		3480
435		987		1726804		3478
436		967		1730651		3477
437		978		1734556		3476
438		989		1738447		3465
439		997		1742355		3468
440		1013		1746261		3475
441		1002		1750155		3477
442		1001		1754120		3481
443		1001		1758039		3484
444		995		1761922		3476
445		1002		1765812		3474
446		992		1769739		3478
447		995		1773628		3474
448		991		1777559		3470
449		988		1781504		3462
450		996		1785427		3459
451		1008		1789312		3462
452		1013		1793186		3469
453		1012		1797093		3461
454		1001		1801008		3468
455		954		1804862		3481
456		967		1808748		3472
457		948		1812608		3467
458		947		1816537		3482
459		954		1820443		3481
460		941		1824349		3474
461		943		1828299		3479
462		945		1832254		3477
463		952		1836144		3484
464		954		1840040		3485
465		952		1843921		3476
466		956		1847809		3480
467		942		1851710		3479
468		955		1855627		3485
469		978		1859513		3485
470		991		1863372		3488
471		972		1867262		3481
472		996		1871158		3480
473		991		1875060		3477
474		988		1878974		3481
475		1003		1882889		3483
476		972		1886796		3483
477		966		1890675		3484
478		960		1894574		3490
479		967		1898514		3486
480		963		1902417		3490
481		952		1906348		3484
482		933		1910251		3485
483		943		1914143		3476
484		943		1918044		3488
485		921		1921977		3494
486		927		1925881		3498
487		924		1929812		3494
488		922		1933737		3484
489		919		1937621		3486
490		913		1941527		3490
491		931		1945439		3484
492		935		1949301		3478
493		922		1953218		3478
494		911		1957117		3472
495		914		1961005		3475
496		900		1964921		3476
497		907		1968812		3478
498		913		1972708		3482
499		900		1976626		3474
500		889		1980531		3474
501		884		1984411		3473
502		881		1988255		3473
503		884		1992162		3474
504		880		1996046		3477
505		867		1999963		3478
506		865		2003835		3481
507		866		2007773		3485
508		860		2011672		3483
509		861		2015538		3481
510		857		2019381		3480
511		857		2023268		3477
512		858		2027192		3473
513		869		2031090		3473
514		864		2034977		3473
515		856		2038853		3473
516		852		2042698		3471
517		846		2046611		3474
518		844		2050504		3470
519		848		2054377		3472
520		856		2058260		3474
521		863		2062134		3474
522		860		2066058		3472
523		860		2069941		3469
524		856		2073845		3467
525		848		2077746		3477
526		848		2081656		3474
527		848		2085498		3470
528		846		2089412		3465
529		859		2093344		3467
530		858		2097250		3464
531		862		2101109		3465
532		860		2105040		3467
533		861		2108939		3476
534		867		2112830		3476
535		868		2116732		3480
536		869		2120641		3483
537		871		2124560		3480
538		877		2128421		3483
539		879		2132300		3484
540		881		2136181		3483
541		874		2140038		3490
542		872		2143956		3491
543		860		2147815		3490
544		862		2151710		3492
545		852		2155591		3490
546		847		2159507		3491
547		842		2163376		3491
548		831		2167250		3491
549		836		2171132		3494
550		835		2175026		3491
551		833		2178905		3487
552		847		2182797		3484
553		828		2186648		3484
554		835		2190552		3485
555		841		2194422		3482
556		832		2198297		3478
557		833		2202189		3477
558		825		2206018		3479
559		828		2209936		3479
560		821		2213817		3480
561		821		2217704		3480
562		819		2221611		3473
563		815		2225511		3473
564		816		2229386		3466
565		814		2233286		3469
566		822		2237182		3467
567		818		2241072		3472
568		827		2244988		3477
569		827		2248860		3473
570		827		2252725		3466
571		832		2256589		3469
572		827		2260461		3474
573		824		2264331		3478
574		824		2268205		3477
575		822		2272113		3475
576		821		2276047		3476
577		831		2279948		3471
578		834		2283868		3470
579		834		2287743		3473
580		834		2291626		3476
581		831		2295526		3468
582		826		2299444		3463
583		827		2303345		3466
584		837		2307223		3470
585		841		2311133		3472
586		841		2315028		3473
587		836		2318898		3470
588		842		2322798		3478
589		835		2326717		3476
590		838		2330635		3476
591		838		2334545		3480
592		844		2338452		3483
593		844		2342327		3484
594		843		2346234		3486
595		848		2350153		3485
596		843		2354050		3489
597		841		2357927		3490
598		827		2361838		3491
599		837		2365698		3490
600		829		2369530		3484
601		827		2373399		3485
602		820		2377306		3486
603		821		2381209		3483
604		815		2385079		3486
605		809		2389010		3484
606		806		2392841		3485
607		800		2396677		3486
608		799		2400557		3484
609		792		2404465		3486
610		792		2408325		3483
611		793		2412187		3483
612		791		2416094		3479
613		787		2419985		3476
614		785		2423827		3474
615		785		2427726		3474
616		787		2431606		3473
617		781		2435535		3474
618		783		2439438		3476
619		783		2443302		3473
620		776		2447171		3472
621		771		2451083		3475
622		772		2454940		3474
623		770		2458839		3474
624		769		2462735		3474
625		762		2466606		3474
626		754		2470455		3475
627		752		2474345		3474
628		752		2478234		3474
629		754		2482135		3475
630		752		2486029		3476
631		753		2489916		3474
632		753		2493785		3476
633		750		2497660		3475
634		748		2501566		3476
635		747		2505453		3476
636		743		2509322		3474
637		746		2513208		3474
638		744		2517072		3473
639		742		2520935		3473
640		741		2524816		3472
641		738		2528703		3471
642		738		2532614		3471
643		738		2536501		3472
644		737		2540385		3473
645		739		2544253		3470
646		732		2548174		3473
647		733		2552066		3477
648		735		2555926		3481
649		735		2559774		3480
650		737		2563640		3481
651		735		2567508		3478
652		728		2571393		3478
653		722		2575266		3477
654		720		2579171		3481
655		722		2583048		3479
656		724		2586948		3481
657		726		2590819		3483
658		729		2594713		3483
659		723		2598647		3481
660		727		2602523		3477
661		727		2606384		3476
662		727		2610233		3481
663		726		2614119		3479
664		726		2617991		3479
665		728		2621861		3479
666		729		2625705		3475
667		727		2629555		3475
668		728		2633421		3475
669		727		2637290		3471
670		723		2641170		3470
671		724		2645075		3472
672		724		2648942		3472
673		714		2652780		3474
674		714		2656623		3474
675		711		2660512		3477
676		712		2664388		3479
677		712		2668261		3480
678		715		2672128		3476
679		714		2676007		3478
680		714		2679878		3478
681		711		2683764		3476
682		712		2687702		3475
683		712		2691592		3476
684		712		2695481		3476
685		713		2699361		3477
686		712		2703266		3475
687		715		2707198		3473
688		714		2711071		3475
689		715		2714946		3474
690		715		2718843		3475
691		716		2722733		3474
692		715		2726656		3475
693		715		2730577		3474
694		718		2734454		3471
695		719		2738315		3472
696		721		2742251		3472
697		713		2746151		3471
698		712		2750022		3473
699		713		2753933		3475
700		712		2757857		3475
701		715		2761740		3471
702		716		2765616		3469
703		713		2769519		3469
704		715		2773369		3472
705		712		2777264		3472
706		713		2781141		3473
707		711		2785035		3471
708		708		2788883		3471
709		706		2792800		3471
710		701		2796674		3469
711		700		2800604		3467
712		697		2804462		3467
713		697		2808344		3467
714		695		2812224		3472
715		695		2816059		3471
716		696		2819888		3471
717		696		2823765		3471
718		694		2827642		3471
719		691		2831496		3472
720		691		2835407		3472
721		691		2839314		3472
722		693		2843187		3472
723		695		2847092		3475
724		694		2850949		3478
725		694		2854813		3478
726		693		2858662		3479
727		692		2862522		3481
728		691		2866397		3483
729		691		2870279		3481
730		692		2874184		3479
731		690		2878088		3479
732		690		2881971		3478
733		692		2885814		3480
734		692		2889715		3480
735		692		2893572		3478
736		692		2897476		3479
737		691		2901357		3480
738		692		2905264		3480
739		692		2909170		3480
740		693		2913029		3480
741		692		2916953		3482
742		694		2920820		3483
743		695		2924730		3484
744		697		2928656		3482
745		697		2932524		3481
746		698		2936382		3481
747		698		2940279		3482
748		699		2944157		3482
749		699		2948007		3482
750		697		2951863		3484
751		698		2955763		3483
752		696		2959713		3480
753		694		2963586		3478
754		694		2967480		3478
755		695		2971376		3477
756		694		2975261		3478
757		694		2979100		3478
758		694		2982963		3478
759		695		2986860		3479
760		695		2990756		3480
761		695		2994677		3480
762		697		2998532		3482
763		694		3002391		3482
764		694		3006281		3482
765		694		3010178		3483
766		697		3014072		3482
767		697		3017921		3482
768		699		3021752		3482
769		698		3025633		3482
770		700		3029487		3483
771		700		3033334		3480
772		700		3037214		3481
773		700		3041091		3481
774		700		3044969		3480
775		700		3048896		3482
776		699		3052741		3483
777		699		3056631		3482
778		700		3060500		3480
779		703		3064393		3480
780		702		3068284		3479
781		701		3072195		3480
782		698		3076046		3480
783		698		3079919		3480
784		697		3083816		3481
785		692		3087721		3477
786		693		3091597		3478
787		693		3095461		3481
788		693		3099351		3481
789		694		3103211		3480
790		699		3107072		3478
791		694		3110974		3480
792		697		3114887		3477
793		696		3118868		3477
794		696		3122753		3479
795		695		3126610		3480
796		696		3130468		3479
797		696		3134347		3479
798		697		3138199		3478
799		699		3142064		3478
800		699		3145901		3478
801		699		3149806		3480
802		699		3153697		3480
803		698		3157604		3482
804		698		3161542		3479
805		694		3165431		3478
806		694		3169308		3479
807		694		3173234		3478
808		693		3177108		3479
809		687		3180973		3481
810		687		3184863		3481
811		686		3188765		3481
812		686		3192629		3482
813		686		3196488		3481
814		686		3200370		3482
815		686		3204245		3483
816		686		3208126		3484
817		684		3212034		3482
818		687		3215899		3483
819		687		3219789		3481
820		688		3223663		3480
821		689		3227534		3480
822		688		3231403		3479
823		689		3235296		3480
824		686		3239171		3479
825		686		3243034		3479
826		684		3246901		3481
827		686		3250784		3480
828		682		3254624		3481
829		682		3258479		3481
830		682		3262371		3481
831		682		3266244		3482
832		681		3270108		3483
833		681		3273991		3483
834		681		3277856		3484
835		681		3281740		3482
836		679		3285618		3482
837		679		3289449		3480
838		679		3293344		3480
839		679		3297229		3480
840		677		3301077		3480
841		674		3304978		3481
842		673		3308859		3481
843		673		3312792		3482
844		673		3316702		3481
845		673		3320571		3481
846		673		3324436		3481
847		673		3328319		3481
848		671		3332213		3480
849		671		3336077		3482
850		671		3339948		3482
851		671		3343815		3482
852		671		3347703		3482
853		671		3351580		3482
854		671		3355433		3482
855		671		3359318		3482
856		671		3363176		3482
857		671		3367076		3482
858		670		3370935		3482
859		670		3374818		3482
860		670		3378612		3482
861		670		3382535		3482
862		670		3386397		3482
863		669		3390302		3483
864		669		3394154		3483
865		669		3398007		3483
866		668		3401869		3482
867		668		3405737		3484
868		668		3409620		3484
869		667		3413512		3483
870		667		3417367		3483
871		667		3421278		3484
872		667		3425152		3484
873		667		3429024		3484
874		667		3432893		3484
875		667		3436757		3484
876		667		3440601		3484
877		666		3444445		3485
878		666		3448313		3485
879		666		3452181		3485
880		666		3456047		3485
881		666		3459980		3485
882		668		3463835		3487
883		668		3467734		3487
884		668		3471566		3485
885		668		3475455		3485
886		668		3479343		3485
887		668		3483182		3485
888		666		3487053		3488
889		666		3490950		3488
890		666		3494843		3487
891		666		3498711		3487
892		666		3502599		3489
893		666		3506449		3489
894		666		3510310		3489
895		666		3514215		3489
896		666		3518067		3488
897		666		3521929		3488
898		666		3525779		3486
899		666		3529704		3486
900		662		3533667		3485
901		662		3537573		3485
902		662		3541455		3485
903		662		3545315		3485
904		662		3549177		3486
905		662		3553061		3486
906		662		3556949		3485
907		661		3560795		3482
908		661		3564700		3482
909		661		3568604		3482
910		661		3572424		3483
911		661		3576297		3484
912		661		3580185		3484
913		661		3584062		3487
914		661		3587897		3487
915		661		3591778		3487
916		661		3595681		3488
917		661		3599567		3488
918		661		3603476		3488
919		661		3607364		3488
920		661		3611234		3488
921		661		3615134		3489
922		661		3619002		3489
923		661		3622875		3489
924		661		3626741		3489
925		661		3630626		3487
926		661		3634483		3486
927		661		3638354		3486
928		661		3642226		3486
929		661		3646072		3486
930		661		3649974		3486
931		661		3653819		3486
932		661		3657701		3485
933		661		3661611		3485
934		661		3665503		3485
935		661		3669397		3485
936		661		3673286		3485
937		661		3677124		3485
938		659		3680981		3486
939		659		3684884		3485
940		659		3688776		3485
941		659		3692664		3485
942		657		3696534		3486
943		655		3700404		3485
944		655		3704317		3485
945		655		3708216		3486
946		655		3712120		3486
947		655		3715993		3486
948		655		3719816		3486
949		655		3723725		3486
950		655		3727579		3486
951		655		3731462		3487
952		655		3735318		3487
953		655		3739179		3487
954		655		3743037		3487
955		655		3746904		3487
956		655		3750762		3487
957		657		3754658		3485
958		657		3758571		3485
959		659		3762449		3486
960		659		3766324		3486
961		655		3770181		3485
962		655		3774086		3485
963		655		3777995		3485
964		655		3781857		3485
965		655		3785753		3485
966		655		3789689		3485
967		655		3793520		3486
968		655		3797444		3485
969		655		3801343		3485
970		655		3805222		3485
971		655		3809119		3485
972		655		3812932		3485
973		655		3816819		3485
974		655		3820686		3485
975		655		3824520		3485
976		655		3828441		3485
977		655		3832324		3485
978		655		3836249		3485
979		655		3840108		3484
980		655		3843977		3484
981		655		3847879		3484
982		655		3851727		3483
983		655		3855577		3482
984		655		3859472		3482
985		655		3863327		3482
986		655		3867168		3482
987		655		3871060		3482
988		655		3874975		3482
989		653		3878828		3481
990		653		3882687		3481
991		653		3886611		3481
992		653		3890460		3481
993		653		3894325		3481
994		653		3898205		3481
995		653		3902112		3481
996		653		3906016		3481
997		653		3909942		3480
998		653		3913820		3481
999		653		3917692		3481
1000		663		3921506		3483
1001		673		3925361		3486
1002		683		3929245		3488
1003		698		3933205		3490
1004		713		3937076		3489
1005		730		3940933		3485
1006		751		3944812		3482
1007		772		3948697		3478
1008		788		3952605		3474
1009		788		3956484		3478
1010		810		3960361		3474
1011		825		3964253		3469
1012		839		3968219		3469
1013		853		3972088		3464
1014		854		3975940		3464
1015		893		3979861		3480
1016		927		3983794		3477
1017		928		3987670		3477
1018		925		3991589		3482
1019		937		3995511		3482
1020		933		3999406		3482
1021		943		4003364		3481
1022		932		4007265		3474
1023		945		4011211		3475
1024		955		4015128		3478
1025		969		4019057		3484
1026		977		4022972		3477
1027		1000		4026925		3483
1028		999		4030901		3495
1029		1012		4034813		3489
1030		1002		4038669		3488
1031		1010		4042545		3490
1032		1006		4046492		3491
1033		1029		4050400		3498
1034		1024		4054323		3496
1035		1047		4058235		3497
1036		1033		4062148		3497
1037		1044		4066085		3494
1038		1051		4070008		3496
1039		1054		4073938		3497
1040		1038		4077806		3502
1041		1058		4081721		3515
1042		1071		4085625		3503
1043		1049		4089541		3490
1044		1055		4093472		3490
1045		1011		4097440		3490
1046		1040		4101318		3487
1047		1034		4105280		3492
1048		1058		4109228		3496
1049		1065		4113143		3495
1050		1098		4117063		3501
1051		1104		4120965		3490
1052		1109		4124918		3503
1053		1135		4128850		3508
1054		1152		4132800		3506
1055		1158		4136735		3495
1056		1135		4140690		3505
1057		1139		4144631		3505
1058		1160		4148579		3507
1059		1151		4152516		3516
1060		1138		4156462		3507
1061		1106		4160439		3517
1062		1118		4164386		3519
1063		1101		4168316		3518
1064		1084		4172261		3521
1065		1081		4176214		3510
1066		1088		4180142		3511
1067		1066		4184090		3513
1068		1063		4188021		3507
1069		1079		4191944		3507
1070		1080		4195855		3497
1071		1083		4199787		3494
1072		1100		4203699		3500
1073		1113		4207664		3505
1074		1099		4211627		3501
1075		1050		4215543		3494
1076		1056		4219535		3509
1077		1044		4223483		3512
1078		1027		4227374		3498
1079		1063		4231272		3499
1080		1043		4235218		3495
1081		1012		4239149		3498
1082		1018		4243098		3511
1083		1031		4246968		3498
1084		1021		4250905		3507
1085		1050		4254836		3498
1086		1063		4258746		3497
1087		1036		4262673		3488
1088		1031		4266600		3492
1089		1024		4270529		3496
1090		1042		4274463		3502
1091		1047		4278407		3516
1092		1073		4282361		3513
1093		1073		4286304		3514
1094		1088		4290220		3503
1095		1103		4294167		3514
1096		1094		4298121		3507
1097		1069		4302064		3509
1098		1065		4306016		3496
1099		1106		4309948		3500
1100		1106		4313881		3496
1101		1098		4317777		3497
1102		1120		4321730		3499
1103		1103		4325693		3513
1104		1111		4329603		3513
1105		1110		4333490		3509
1106		1085		4337398		3498
1107		1105		4341335		3483
1108		1093		4345315		3484
1109		1084		4349251		3492
1110		1060		4353143		3489
1111		1032		4357053		3494
1112		1042		4360970		3500
1113		1027		4364952		3489
1114		1002		4368857		3491
1115		1020		4372757		3506
1116		1045		4376691		3503
1117		1008		4380634		3498
1118		976		4384561		3497
1119		969		4388448		3492
1120		949		4392399		3508
1121		958		4396328		3498
1122		973		4400264		3492
1123		978		4404197		3502
1124		975		4408114		3502
1125		990		4412029		3508
1126		995		4415929		3503
1127		995		4419907		3503
1128		1002		4423860		3505
1129		1005		4427803		3513
1130		1025		4431725		3502
1131		1018		4435645		3505
1132		1030		4439593		3506
1133		1027		4443507		3501
1134		1008		4447421		3511
1135		1015		4451342		3511
1136		1025		4455237		3511
1137		1017		4459152		3501
1138		1010		4463093		3514
1139		1007		4467028		3503
1140		996		4471004		3506
1141		982		4474904		3511
1142		980		4478821		3506
1143		999		4482766		3515
1144		971		4486672		3510
1145		999		4490584		3504
1146		1013		4494547		3510
1147		1004		4498493		3513
1148		992		4502421		3513
1149		966		4506328		3514
1150		985		4510258		3515
1151		1003		4514180		3519
1152		969		4518070		3518
1153		966		4521936		3506
1154		964		4525803		3509
1155		970		4529728		3515
1156		970		4533690		3513
1157		954		4537628		3513
1158		979		4541583		3520
1159		989		4545535		3519
1160		999		4549486		3503
1161		1001		4553396		3506
1162		1019		4557304		3504
1163		1025		4561225		3501
1164		1029		4565136		3492
1165		1057		4569056		3486
1166		1035		4572942		3487
1167		1040		4576879		3475
1168		1042		4580843		3482
1169		1047		4584828		3493
1170		1034		4588754		3485
1171		1026		4592692		3492
1172		1000		4596618		3503
1173		992		4600524		3502
1174		995		4604440		3498
1175		1008		4608329		3499
1176		1010		4612283		3507
1177		983		4616243		3511
1178		986		4620174		3515
1179		969		4624103		3509
1180		982		4628029		3510
1181		970		4631970		3510
1182		964		4635842		3500
1183		951		4639756		3497
1184		932		4643643		3496
1185		968		4647542		3500
1186		999		4651434		3495
1187		983		4655337		3498
1188		985		4659311		3502
1189		962		4663250		3500
1190		967		4667188		3490
1191		956		4671114		3506
1192		953		4675062		3498
1193		981		4678994		3497
1194		1006		4682912		3504
1195		1009		4686798		3506
1196		1003		4690692		3510
1197		1015		4694638		3511
1198		994		4698529		3507
1199		991		4702446		3506
1200		1000		4706389		3506
1201		985		4710263		3499
1202		994		4714199		3509
1203		1002		4718121		3504
1204		993		4722055		3500
1205		979		4726028		3500
1206		970		4729942		3500
1207		980		4733823		3517
1208		1005		4737787		3511
1209		1017		4741739		3516
1210		1043		4745667		3517
1211		1044		4749651		3510
1212		1016		4753618		3525
1213		1025		4757520		3537
1214		1058		4761485		3531
1215		1047		4765405		3523
1216		1058		4769310		3520
1217		1069		4773254		3513
1218		1074		4777205		3515
1219		1034		4781134		3512
1220		1027		4785092		3499
1221		1036		4789051		3510
1222		1030		4792967		3512
1223		1031		4796915		3523
1224		1033		4800854		3517
1225		1030		4804813		3518
1226		991		4808735		3532
1227		995		4812650		3522
1228		999		4816586		3527
1229		1015		4820534		3525
1230		1016		4824424		3520
1231		1014		4828377		3502
1232		1010		4832327		3509
1233		1014		4836256		3511
1234		997		4840198		3522
1235		972		4844117		3517
1236		968		4848034		3527
1237		961		4851930		3513
1238		959		4855859		3507
1239		961		4859764		3510
1240		963		4863689		3514
1241		945		4867599		3512
1242		925		4871544		3510
1243		925		4875470		3520
1244		926		4879357		3522
1245		932		4883278		3515
1246		936		4887207		3507
1247		915		4891125		3509
1248		913		4895015		3508
1249		894		4898910		3497
1250		885		4902859		3504
1251		852		4906772		3511
1252		851		4910710		3503
1253		826		4914622		3503
1254		828		4918521		3496
1255		815		4922374		3502
1256		792		4926272		3504
1257		789		4930160		3519
1258		789		4934088		3506
1259		788		4937970		3504
1260		791		4941880		3509
1261		776		4945787		3506
1262		782		4949648		3505
1263		786		4953540		3495
1264		773		4957460		3496
1265		769		4961356		3506
1266		773		4965237		3506
1267		769		4969149		3501
1268		781		4973049		3499
1269		783		4976926		3492
1270		789		4980852		3503
1271		791		4984774		3501
1272		806		4988698		3500
1273		783		4992596		3506
1274		782		4996513		3504
1275		766		5000439		3496
1276		757		5004291		3497
1277		746		5008174		3503
1278		760		5012064		3501
1279		773		5015954		3498
1280		772		5019881		3500
1281		770		5023789		3509
1282		758		5027706		3507
1283		755		5031605		3504
1284		768		5035513		3512
1285		770		5039410		3509
1286		778		5043277		3514
1287		774		5047190		3508
1288		757		5051094		3500
1289		767		5055021		3501
1290		756		5058951		3504
1291		768		5062849		3507
1292		770		5066717		3508
1293		783		5070618		3502
1294		766		5074469		3504
1295		776		5078406		3513
1296		781		5082340		3509
1297		785		5086249		3510
1298		776		5090158		3508
1299		766		5094049		3514
1300		780		5097900		3514
1301		791		5101804		3515
1302		799		5105717		3515
1303		789		5109651		3519
1304		793		5113540		3511
1305		770		5117407		3508
1306		789		5121320		3508
1307		789		5125160		3505
1308		805		5129092		3513
1309		820		5133033		3513
1310		805		5136963		3518
1311		807		5140848		3513
1312		796		5144742		3515
1313		789		5148650		3507
1314		801		5152580		3506
1315		805		5156465		3512
1316		807		5160387		3509
1317		811		5164255		3511
1318		840		5168189		3509
1319		838		5172025		3510
1320		839		5175926		3511
1321		834		5179860		3510
1322		853		5183790		3512
1323		838		5187706		3511
1324		841		5191636		3512
1325		841		5195507		3506
1326		839		5199415		3503
1327		835		5203300		3509
1328		834		5207154		3512
1329		822		5211081		3509
1330		806		5215001		3515
1331		821		5218901		3519
1332		835		5222786		3526
1333		849		5226652		3517
1334		842		5230597		3521
1335		849		5234523		3518
1336		846		5238419		3517
1337		838		5242305		3512
1338		849		5246178		3515
1339		818		5250083		3511
1340		819		5253932		3513
1341		808		5257847		3501
1342		813		5261714		3498
1343		812		5265607		3507
1344		821		5269550		3509
1345		809		5273448		3510
1346		788		5277399		3502
1347		782		5281299		3509
1348		771		5285235		3506
1349		778		5289148		3507
1350		788		5293047		3516
1351		805		5297004		3509
1352		794		5300916		3511
1353		800		5304785		3516
1354		782		5308689		3513
1355		786		5312572		3511
1356		772		5316392		3504
1357		782		5320307		3511
1358		782		5324182		3512
1359		776		5328086		3512
1360		761		5331926		3512
1361		762		5335842		3502
1362		768		5339710		3514
1363		784		5343610		3508
1364		769		5347502		3507
1365		754		5351421		3506
1366		747		5355333		3514
1367		728		5359266		3511
1368		732		5363165		3514
1369		738		5367070		3513
1370		747		5370990		3512
1371		763		5374885		3512
1372		755		5378835		3512
1373		759		5382749		3518
1374		763		5386698		3519
1375		771		5390602		3520
1376		770		5394546		3525
1377		774		5398507		3520
1378		766		5402387		3512
1379		749		5406312		3511
1380		738		5410212		3510
1381		740		5414136		3511
1382		757		5418017		3506
1383		748		5421905		3498
1384		750		5425782		3502
1385		751		5429659		3503
1386		766		5433559		3502
1387		753		5437449		3502
1388		758		5441355		3498
1389		754		5445281		3509
1390		745		5449182		3503
1391		740		5453092		3511
1392		730		5457029		3516
1393		736		5460935		3508
1394		740		5464810		3512
1395		749		5468740		3511
1396		751		5472555		3506
1397		744		5476479		3507
1398		755		5480361		3516
1399		763		5484241		3519
1400		755		5488138		3511
1401		758		5492047		3512
1402		766		5495957		3509
1403		760		5499899		3512
1404		773		5503850		3511
1405		763		5507746		3510
1406		750		5511681		3511
1407		747		5515608		3508
1408		739		5519527		3507
1409		742		5523449		3505
1410		737		5527348		3504
1411		739		5531263		3507
1412		745		5535139		3510
1413		747		5539042		3506
1414		752		5542934		3509
1415		752		5546849		3514
1416		770		5550791		3506
1417		780		5554687		3508
1418		791		5558598		3508
1419		787		5562437		3508
1420		791		5566327		3511
1421		782		5570164		3510
1422		790		5574051		3510
1423		783		5577916		3508
1424		777		5581841		3518
1425		757		5585733		3514
1426		773		5589619		3510
1427		775		5593529		3511
1428		788		5597408		3508
1429		796		5601300		3504
1430		793		5605254		3514
1431		792		5609125		3513
1432		775		5613051		3507
1433		755		5616959		3506
1434		757		5620864		3513
1435		759		5624727		3516
1436		760		5628616		3517
1437		754		5632477		3511
1438		765		5636359		3515
1439		756		5640244		3512
1440		761		5644167		3510
1441		756		5648103		3508
1442		754		5651955		3511
1443		744		5655832		3510
1444		741		5659726		3511
1445		752		5663627		3509
1446		759		5667518		3510
1447		737		5671399		3506
1448		740		5675282		3506
1449		744		5679171		3506
1450		739		5683039		3508
1451		741		5686947		3512
1452		738		5690874		3513
1453		735		5694698		3522
1454		732		5698565		3521
1455		726		5702490		3510
1456		716		5706431		3517
1457		715		5710316		3511
1458		723		5714209		3514
1459		726		5718102		3515
1460		728		5722021		3504
1461		718		5725913		3503
1462		725		5729785		3508
1463		730		5733676		3504
1464		733		5737618		3502
1465		738		5741557		3501
1466		734		5745462		3503
1467		733		5749333		3511
1468		722		5753264		3513
1469		730		5757186		3511
1470		718		5761084		3520
1471		726		5764978		3518
1472		711		5768860		3515
1473		709		5772703		3517
1474		696		5776609		3514
1475		705		5780485		3514
1476		710		5784407		3514
1477		713		5788269		3519
1478		708		5792169		3518
1479		707		5796063		3523
1480		706		5799977		3522
1481		698		5803926		3517
1482		706		5807813		3516
1483		701		5811714		3517
1484		685		5815598		3517
1485		698		5819479		3520
1486		706		5823398		3529
1487		716		5827267		3525
1488		716		5831141		3522
1489		725		5835033		3522
1490		710		5838959		3520
1491		708		5842843		3518
1492		691		5846747		3515
1493		700		5850650		3522
1494		700		5854560		3522
1495		715		5858476		3518
1496		710		5862383		3519
1497		713		5866257		3511
1498		723		5870175		3514
1499		702		5874069		3517
1500		687		5877958		3514
1501		698		5881820		3514
1502		689		5885680		3519
1503		692		5889562		3524
1504		686		5893493		3519
1505		677		5897381		3525
1506		679		5901282		3518
1507		684		5905148		3519
1508		683		5909102		3517
1509		678		5912971		3516
1510		674		5916878		3512
1511		684		5920787		3518
1512		688		5924668		3513
1513		680		5928573		3506
1514		684		5932413		3505
1515		687		5936294		3503
1516		682		5940185		3501
1517		690		5944075		3500
1518		692		5947975		3502
1519		681		5951884		3503
1520		687		5955777		3510
1521		676		5959657		3509
1522		675		5963571		3509
1523		665		5967433		3514
1524		660		5971312		3517
1525		669		5975207		3513
1526		667		5979123		3511
1527		670		5983028		3508
1528		665		5986895		3508
1529		666		5990780		3503
1530		667		5994647		3507
1531		674		5998565		3505
1532		675		6002456		3507
1533		683		6006303		3507
1534		678		6010156		3509
1535		675		6014028		3508
1536		670		6017927		3504
1537		665		6021827		3503
1538		661		6025692		3502
1539		659		6029575		3508
1540		665		6033431		3509
1541		665		6037301		3512
1542		666		6041222		3516
1543		673		6045080		3514
1544		674		6048934		3517
1545		673		6052779		3515
1546		669		6056671		3509
1547		661		6060581		3511
1548		659		6064479		3507
1549		648		6068304		3510
1550		654		6072178		3508
1551		660		6076093		3508
1552		665		6079964		3508
1553		673		6083887		3511
1554		671		6087724		3512
1555		673		6091638		3515
1556		665		6095585		3515
1557		651		6099506		3515
1558		654		6103427		3513
1559		652		6107311		3513
1560		657		6111157		3513
1561		655		6115043		3515
1562		655		6118939		3516
1563		669		6122779		3519
1564		658		6126705		3515
1565		662		6130615		3517
1566		660		6134519		3521
1567		654		6138404		3519
1568		648		6142310		3519
1569		648		6146193		3519
1570		637		6150075		3513
1571		638		6153974		3510
1572		638		6157852		3508
1573		633		6161745		3507
1574		632		6165613		3506
1575		631		6169461		3511
1576		627		6173376		3509
1577		631		6177206		3508
1578		635		6181094		3506
1579		642		6184946		3505
1580		635		6188829		3508
1581		639		6192722		3510
1582		638		6196559		3514
1583		633		6200436		3514
1584		644		6204302		3519
1585		639		6208156		3518
1586		644		6212016		3515
1587		642		6215870		3520
1588		651		6219776		3521
1589		649		6223632		3516
1590		638		6227481		3514
1591		639		6231401		3521
1592		628		6235300		3517
1593		632		6239173		3516
1594		642		6243090		3517
1595		639		6246951		3518
1596		640		6250840		3518
1597		639		6254766		3515
1598		638		6258646		3516
1599		643		6262535		3520
1600		639		6266423		3523
1601		636		6270261		3522
1602		639		6274162		3521
1603		634		6278053		3528
1604		639		6281944		3521
1605		635		6285833		3522
1606		631		6289739		3524
1607		624		6293608		3527
1608		622		6297503		3529
1609		617		6301389		3528
1610		610		6305268		3525
1611		611		6309125		3524
1612		611		6312961		3524
1613		612		6316855		3522
1614		608		6320734		3524
1615		609		6324626		3523
1616		611		6328504		3524
1617		610		6332360		3526
1618		611		6336256		3524
1619		612		6340132		3524
1620		615		6344035		3525
1621		615		6347915		3528
1622		615		6351775		3524
1623		614		6355643		3526
1624		600		6359513		3527
1625		600		6363421		3528
1626		603		6367300		3529
1627		607		6371156		3529
1628		604		6375060		3530
1629		603		6378954		3525
1630		602		6382830		3525
1631		604		6386740		3526
1632		599		6390633		3525
1633		590		6394494		3523
1634		590		6398358		3527
1635		582		6402226		3528
1636		584		6406101		3530
1637		583		6409982		3531
1638		585		6413857		3527
1639		583		6417754		3524
1640		584		6421601		3527
1641		581		6425523		3526
1642		584		6429409		3525
1643		583		6433298		3524
1644		582		6437195		3525
1645		584		6441067		3523
1646		584		6444930		3526
1647		586		6448790		3526
1648		585		6452674		3526
1649		585		6456544		3528
1650		586		6460420		3526
1651		587		6464329		3525
1652		586		6468199		3525
1653		587		6472110		3527
1654		588		6475971		3527
1655		581		6479891		3526
1656		581		6483790		3528
1657		581		6487656		3527
1658		577		6491564		3528
1659		575		6495420		3528
1660		571		6499298		3530
1661		570		6503145		3532
1662		570		6507032		3531
1663		572		6510933		3530
1664		573		6514848		3532
1665		573		6518727		3532
1666		573		6522599		3533
1667		571		6526489		3533
1668		572		6530386		3532
1669		570		6534257		3532
1670		572		6538149		3532
1671		568		6542028		3533
1672		567		6545914		3535
1673		569		6549815		3534
1674		559		6553665		3534
1675		559		6557595		3535
1676		558		6561446		3534
1677		557		6565342		3534
1678		557		6569181		3534
1679		558		6573085		3535
1680		557		6576962		3536
1681		557		6580803		3536
1682		560		6584635		3535
1683		560		6588536		3533
1684		560		6592410		3533
1685		559		6596289		3534
1686		559		6600191		3534
1687		563		6604093		3534
1688		563		6607974		3534
1689		566		6611876		3534
1690		567		6615734		3534
1691		567		6619596		3533
1692		567		6623509		3534
1693		567		6627385		3533
1694		568		6631252		3536
1695		568		6635074		3532
1696		563		6638947		3534
1697		564		6642838		3534
1698		562		6646687		3534
1699		562		6650579		3535
1700		562		6654434		3535
1701		561		6658335		3537
1702		559		6662182		3534
1703		559		6666057		3534
1704		555		6669951		3536
1705		549		6673846		3534
1706		547		6677726		3534
1707		547		6681641		3534
1708		547		6685517		3534
1709		547		6689340		3535
1710		547		6693214		3535
1711		547		6697087		3535
1712		547		6700991		3535
1713		548		6704859		3534
1714		548		6708740		3533
1715		548		6712637		3533
1716		549		6716548		3532
1717		549		6720401		3532
1718		549		6724261		3532
1719		549		6728148		3531
1720		550		6732041		3529
1721		550		6735956		3529
1722		551		6739856		3528
1723		551		6743788		3528
1724		552		6747660		3528
1725		552		6751527		3528
1726		551		6755374		3528
1727		553		6759309		3529
1728		554		6763196		3530
1729		555		6767109		3529
1730		556		6771026		3532
1731		556		6774925		3532
1732		556		6778780		3532
1733		556		6782704		3532
1734		554		6786530		3531
1735		556		6790405		3533
1736		556		6794258		3529
1737		556		6798099		3525
1738		555		6802017		3525
1739		555		6805905		3525
1740		553		6809784		3524
1741		554		6813630		3521
1742		553		6817511		3524
1743		552		6821371		3523
1744		552		6825216		3523
1745		554		6829120		3524
1746		554		6833007		3524
1747		556		6836855		3528
1748		556		6840763		3526
1749		553		6844650		3529
1750		553		6848550		3529
1751		551		6852397		3530
1752		552		6856283		3530
1753		552		6860136		3530
1754		552		6863994		3530
1755		552		6867920		3530
1756		550		6871767		3529
1757		551		6875636		3528
1758		551		6879536		3528
1759		551		6883385		3528
1760		551		6887272		3528
1761		550		6891153		3526
1762		550		6895056		3526
1763		549		6898950		3529
1764		549		6902825		3528
1765		550		6906693		3529
1766		550		6910582		3529
1767		550		6914476		3529
1768		550		6918364		3529
1769		549		6922209		3527
1770		549		6926088		3527
1771		549		6929981		3527
1772		549		6933884		3527
1773		549		6937754		3527
1774		550		6941601		3524
1775		550		6945511		3524
1776		551		6949371		3524
1777		551		6953253		3524
1778		551		6957135		3524
1779		549		6961051		3525
1780		547		6964909		3525
1781		547		6968812		3525
1782		547		6972631		3525
1783		546		6976501		3524
1784		545		6980367		3524
1785		543		6984269		3526
1786		543		6988119		3526
1787		543		6991984		3526
1788		544		6995852		3527
1789		544		6999700		3527
1790		544		7003557		3527
1791		545		7007481		3528
1792		545		7011383		3528
1793		545		7015237		3528
1794		545		7019157		3526
1795		546		7023031		3527
1796		546		7026919		3527
1797		547		7030802		3526
1798		547		7034697		3525
1799		547		7038569		3527
1800		547		7042452		3527
1801		547		7046347		3527
1802		547		7050181		3528
1803		547		7054032		3528
1804		547		7057914		3528
1805		547		7061747		3528
1806		547		7065647		3528
1807		548		7069524		3527
1808		548		7073412		3527
1809		548		7077301		3529
1810		548		7081216		3529
1811		549		7085057		3528
1812		548		7088976		3525
1813		546		7092861		3524
1814		546		7096785		3523
1815		546		7100626		3523
1816		546		7104506		3523
1817		546		7108360		3525
1818		546		7112200		3526
1819		546		7116063		3526
1820		546		7119872		3526
1821		546		7123704		3526
1822		546		7127573		3526
1823		546		7131489		3526
1824		544		7135350		3525
1825		544		7139210		3524
1826		546		7143092		3523
1827		546		7146968		3523
1828		546		7150879		3523
1829		544		7154797		3523
1830		545		7158732		3521
1831		545		7162631		3521
1832		545		7166501		3521
1833		545		7170369		3521
1834		545		7174276		3521
1835		545		7178174		3521
1836		545		7182104		3519
1837		545		7185943		3519
1838		545		7189854		3519
1839		545		7193745		3519
1840		545		7197646		3517
1841		545		7201514		3518
1842		543		7205373		3518
1843		541		7209235		3517
1844		541		7213138		3517
1845		541		7217029		3517
1846		541		7220907		3517
1847		541		7224762		3517
1848		541		7228630		3517
1849		541		7232501		3517
1850		541		7236404		3518
1851		536		7240283		3519
1852		535		7244153		3519
1853		535		7248077		3519
1854		535		7251976		3519
1855		535		7255888		3520
1856		535		7259768		3519
1857		535		7263643		3519
1858		535		7267488		3519
1859		537		7271380		3517
1860		537		7275203		3517
1861		535		7279037		3519
1862		535		7282936		3519
1863		535		7286849		3521
1864		535		7290741		3521
1865		535		7294582		3522
1866		535		7298433		3522
1867		535		7302305		3521
1868		535		7306181		3521
1869		535		7310040		3519
1870		535		7313920		3519
1871		535		7317801		3519
1872		534		7321710		3517
1873		534		7325562		3517
1874		534		7329482		3517
1875		531		7333393		3517
1876		531		7337267		3517
1877		531		7341146		3517
1878		531		7345041		3517
1879		531		7348916		3517
1880		531		7352781		3517
1881		531		7356716		3517
1882		531		7360604		3517
1883		531		7364507		3518
1884		531		7368382		3518
1885		531		7372242		3518
1886		531		7376124		3518
1887		531		7380015		3518
1888		531		7383838		3518
1889		531		7387700		3518
1890		531		7391622		3517
1891		531		7395507		3517
1892		531		7399383		3517
1893		531		7403280		3517
1894		531		7407142		3517
1895		531		7411012		3517
1896		531		7414917		3517
1897		531		7418790		3517
1898		531		7422679		3517
1899		531		7426571		3517
1900		531		7430432		3517
1901		531		7434305		3517
1902		531		7438198		3518
1903		530		7442060		3518
1904		530		7445973		3518
1905		530		7449843		3518
1906		530		7453733		3520
1907		530		7457622		3520
1908		530		7461516		3520
1909		530		7465358		3520
1910		530		7469244		3520
1911		532		7473094		3521
1912		532		7476998		3521
1913		532		7480890		3521
1914		532		7484768		3519
1915		530		7488665		3519
1916		528		7492526		3517
1917		528		7496380		3517
1918		528		7500237		3517
1919		528		7504054		3517
1920		526		7507940		3518
1921		526		7511828		3518
1922		526		7515708		3518
1923		525		7519580		3518
1924		525		7523472		3518
1925		525		7527342		3518
1926		525		7531223		3518
1927		525		7535098		3518
1928		525		7538956		3518
1929		525		7542833		3518
1930		525		7546736		3518
1931		525		7550602		3517
1932		525		7554487		3515
1933		525		7558337		3515
1934		525		7562231		3514
1935		523		7566120		3513
1936		523		7570018		3513
1937		523		7573902		3513
1938		523		7577738		3513
1939		523		7581593		3513
1940		523		7585475		3513
1941		523		7589373		3513
1942		523		7593197		3513
1943		523		7597069		3513
1944		523		7600988		3513
1945		523		7604922		3513
1946		523		7608827		3513
1947		523		7612677		3514
1948		523		7616526		3514
1949		522		7620397		3515
1950		522		7624241		3515
1951		522		7628129		3515
1952		522		7631991		3515
1953		522		7635844		3515
1954		522		7639703		3515
1955		522		7643585		3515
1956		522		7647478		3515
1957		522		7651398		3514
1958		522		7655328		3514
1959		522		7659223		3514
1960		522		7663074		3514
1961		522		7666977		3514
1962		522		7670841		3514
1963		522		7674688		3514
1964		522		7678601		3514
1965		522		7682511		3514
1966		522		7686347		3514
1967		522		7690274		3516
1968		522		7694098		3515
1969		522		7697970		3516
1970		524		7701910		3514
1971		524		7705777		3514
1972		524		7709675		3514
1973		524		7713549		3514
1974		524		7717419		3514
1975		524		7721301		3514
1976		523		7725178		3514
1977		523		7729056		3513
1978		523		7732928		3513
1979		523		7736819		3513
1980		523		7740671		3513
1981		523		7744574		3513
1982		523		7748472		3512
1983		523		7752356		3513
1984		523		7756256		3513
1985		523		7760153		3513
1986		523		7764056		3513
1987		523		7767928		3512
1988		523		7771831		3513
1989		523		7775773		3512
1990		523		7779621		3512
1991		523		7783500		3512
1992		523		7787357		3512
1993		521		7791264		3514
1994		521		7795152		3514
1995		521		7799022		3514
1996		521		7802864		3514
1997		521		7806766		3514
1998		521		7810635		3514
1999		521		7810635		3514
