# Migration is number of nodes that have changed color.

Round		Edge-Cut		Swaps		Migrations		Skipped
0		8275		4626		3076
1		7250		9060		3328
2		6526		13385		3387
3		5910		17647		3431
4		5497		21842		3440
5		5159		26032		3451
6		4889		30179		3427
7		4554		34313		3442
8		4382		38437		3408
9		4149		42538		3440
10		4041		46599		3470
11		3783		50617		3437
12		3579		54661		3454
13		3429		58636		3440
14		3358		62620		3429
15		3250		66600		3446
16		3110		70578		3466
17		3046		74553		3471
18		2955		78522		3479
19		2878		82496		3486
20		2769		86490		3485
21		2728		90433		3504
22		2679		94376		3484
23		2621		98297		3492
24		2552		102276		3493
25		2487		106191		3489
26		2454		110101		3474
27		2367		114023		3480
28		2305		117969		3474
29		2256		121913		3497
30		2233		125860		3501
31		2174		129760		3503
32		2140		133669		3488
33		2127		137595		3476
34		2104		141478		3477
35		2070		145398		3477
36		2032		149318		3478
37		2011		153238		3478
38		1999		157169		3468
39		1984		161047		3461
40		1965		164935		3469
41		1924		168836		3466
42		1896		172734		3470
43		1873		176563		3463
44		1844		180433		3470
45		1825		184350		3468
46		1819		188191		3474
47		1796		192069		3462
48		1799		195964		3468
49		1784		199889		3465
50		1773		203760		3466
51		1757		207614		3468
52		1739		211480		3466
53		1723		215351		3461
54		1722		219192		3467
55		1717		223063		3463
56		1709		226960		3462
57		1680		230814		3462
58		1679		234705		3464
59		1679		238564		3459
60		1666		242447		3453
61		1662		246339		3456
62		1650		250294		3468
63		1648		254130		3465
64		1638		258024		3468
65		1637		261910		3466
66		1633		265767		3473
67		1628		269617		3470
68		1612		273512		3468
69		1611		277380		3472
70		1612		281262		3477
71		1603		285126		3474
72		1594		289029		3476
73		1586		292939		3476
74		1582		296824		3472
75		1577		300708		3475
76		1570		304579		3476
77		1567		308457		3484
78		1567		312340		3474
79		1560		316205		3473
80		1559		320091		3472
81		1547		323960		3477
82		1544		327836		3483
83		1539		331722		3478
84		1527		335610		3485
85		1527		339494		3481
86		1522		343400		3479
87		1511		347240		3476
88		1503		351109		3478
89		1490		354987		3465
90		1485		358878		3461
91		1480		362732		3467
92		1474		366602		3471
93		1471		370474		3470
94		1462		374362		3473
95		1455		378228		3477
96		1453		382132		3482
97		1444		385954		3489
98		1442		389853		3487
99		1441		393782		3484
100		1440		397670		3484
101		1439		401529		3486
102		1433		405415		3489
103		1424		409283		3490
104		1419		413172		3484
105		1413		417066		3480
106		1404		420882		3487
107		1405		424788		3483
108		1397		428657		3483
109		1397		432533		3485
110		1396		436412		3484
111		1392		440273		3493
112		1389		444124		3492
113		1388		448009		3493
114		1385		451856		3492
115		1383		455759		3487
116		1382		459619		3483
117		1377		463474		3482
118		1377		467334		3479
119		1377		471232		3479
120		1374		475110		3477
121		1376		478972		3475
122		1378		482831		3474
123		1374		486746		3477
124		1368		490598		3480
125		1367		494472		3477
126		1363		498380		3479
127		1359		502274		3477
128		1354		506110		3480
129		1354		509954		3478
130		1349		513860		3479
131		1347		517720		3474
132		1344		521556		3474
133		1342		525422		3478
134		1342		529283		3479
135		1341		533174		3477
136		1341		537021		3477
137		1341		540902		3476
138		1340		544799		3477
139		1340		548686		3476
140		1337		552569		3474
141		1334		556507		3474
142		1333		560408		3472
143		1331		564290		3472
144		1328		568171		3474
145		1328		572005		3477
146		1323		575871		3479
147		1320		579693		3479
148		1317		583620		3479
149		1319		587510		3482
150		1317		591372		3482
151		1316		595224		3478
152		1316		599096		3475
153		1312		602980		3477
154		1307		606858		3478
155		1307		610759		3478
156		1307		614657		3478
157		1305		618558		3478
158		1303		622423		3477
159		1302		626308		3480
160		1300		630173		3480
161		1299		634040		3482
162		1296		637917		3488
163		1294		641740		3488
164		1294		645598		3487
165		1293		649458		3485
166		1290		653358		3485
167		1288		657252		3485
168		1288		661097		3485
169		1287		664990		3486
170		1285		668937		3486
171		1285		672786		3488
172		1285		676684		3485
173		1283		680527		3487
174		1283		684389		3484
175		1282		688241		3480
176		1278		692127		3483
177		1276		696004		3483
178		1272		699902		3480
179		1272		703808		3482
180		1267		707684		3481
181		1266		711573		3485
182		1264		715431		3485
183		1264		719356		3488
184		1266		723244		3484
185		1262		727138		3492
186		1260		730988		3492
187		1259		734833		3491
188		1259		738728		3491
189		1259		742569		3488
190		1256		746424		3490
191		1256		750314		3491
192		1258		754117		3490
193		1258		758003		3491
194		1252		761889		3494
195		1252		765773		3492
196		1250		769684		3489
197		1248		773541		3496
198		1248		777451		3493
199		1247		781289		3492
200		1247		785191		3491
201		1247		789100		3491
202		1247		792986		3491
203		1251		796864		3486
204		1250		800733		3489
205		1250		804536		3487
206		1247		808405		3491
207		1247		812256		3494
208		1249		816139		3494
209		1249		820003		3496
210		1249		823890		3495
211		1249		827768		3495
212		1248		831682		3499
213		1247		835574		3499
214		1245		839516		3497
215		1244		843422		3494
216		1242		847326		3493
217		1240		851243		3495
218		1240		855120		3495
219		1240		858995		3494
220		1239		862848		3494
221		1238		866702		3496
222		1238		870597		3497
223		1235		874450		3499
224		1234		878342		3500
225		1231		882213		3502
226		1230		886079		3499
227		1227		889926		3501
228		1227		893808		3499
229		1226		897720		3500
230		1226		901598		3497
231		1224		905437		3500
232		1224		909281		3502
233		1223		913142		3506
234		1221		917030		3504
235		1221		920909		3504
236		1218		924810		3504
237		1217		928647		3505
238		1219		932525		3504
239		1218		936415		3506
240		1218		940232		3505
241		1217		944115		3509
242		1216		947967		3512
243		1216		951838		3511
244		1214		955736		3511
245		1213		959588		3511
246		1213		963458		3513
247		1210		967341		3514
248		1210		971197		3517
249		1210		975063		3517
250		1210		978949		3516
251		1209		982805		3517
252		1211		986699		3520
253		1211		990570		3519
254		1211		994441		3522
255		1209		998318		3523
256		1209		1002228		3525
257		1208		1006109		3526
258		1207		1009966		3527
259		1207		1013835		3525
260		1205		1017687		3530
261		1205		1021557		3531
262		1206		1025475		3530
263		1202		1029337		3530
264		1202		1033217		3531
265		1202		1037124		3530
266		1204		1040966		3526
267		1202		1044815		3527
268		1202		1048645		3528
269		1204		1052503		3526
270		1204		1056369		3524
271		1204		1060238		3522
272		1204		1064107		3519
273		1206		1067959		3519
274		1204		1071860		3517
275		1202		1075721		3517
276		1201		1079616		3519
277		1201		1083468		3517
278		1201		1087311		3519
279		1201		1091135		3516
280		1202		1094996		3513
281		1202		1098891		3515
282		1202		1102765		3518
283		1201		1106633		3518
284		1200		1110498		3517
285		1200		1114393		3512
286		1202		1118199		3513
287		1201		1122076		3512
288		1202		1125960		3512
289		1202		1129810		3513
290		1202		1133695		3512
291		1200		1137567		3512
292		1200		1141444		3510
293		1198		1145289		3514
294		1197		1149205		3512
295		1196		1153022		3511
296		1196		1156859		3511
297		1194		1160764		3511
298		1192		1164582		3515
299		1190		1168480		3512
300		1190		1172358		3511
301		1190		1176196		3510
302		1190		1180074		3507
303		1188		1183947		3509
304		1188		1187806		3508
305		1188		1191626		3507
306		1188		1195442		3513
307		1188		1199387		3514
308		1188		1203249		3516
309		1188		1207125		3515
310		1188		1211011		3515
311		1188		1214881		3515
312		1188		1218743		3515
313		1188		1222597		3516
314		1188		1226490		3511
315		1188		1230373		3510
316		1186		1234222		3510
317		1186		1238109		3509
318		1186		1241981		3509
319		1186		1245841		3508
320		1186		1249696		3508
321		1186		1253526		3507
322		1186		1257406		3508
323		1186		1261322		3509
324		1186		1265171		3507
325		1185		1269068		3506
326		1183		1272937		3506
327		1183		1276866		3506
328		1183		1280768		3506
329		1183		1284650		3507
330		1183		1288569		3508
331		1181		1292429		3511
332		1180		1296250		3510
333		1180		1300109		3511
334		1180		1303996		3510
335		1180		1307891		3511
336		1180		1311744		3510
337		1181		1315602		3511
338		1181		1319466		3515
339		1181		1323309		3514
340		1181		1327201		3510
341		1181		1330988		3509
342		1181		1334847		3511
343		1181		1338721		3513
344		1180		1342599		3513
345		1179		1346469		3511
346		1178		1350311		3509
347		1178		1354160		3509
348		1180		1358028		3506
349		1179		1361856		3507
350		1178		1365721		3507
351		1178		1369642		3506
352		1178		1373473		3504
353		1178		1377374		3504
354		1178		1381259		3506
355		1178		1385170		3506
356		1178		1389053		3508
357		1178		1392928		3506
358		1180		1396794		3506
359		1177		1400663		3506
360		1173		1404523		3504
361		1173		1408342		3506
362		1173		1412242		3507
363		1173		1416096		3510
364		1172		1419998		3509
365		1172		1423840		3507
366		1170		1427681		3507
367		1170		1431566		3507
368		1170		1435521		3507
369		1170		1439435		3507
370		1170		1443253		3508
371		1169		1447141		3505
372		1169		1451006		3505
373		1169		1454886		3504
374		1173		1458743		3503
375		1173		1462622		3506
376		1173		1466491		3505
377		1175		1470360		3505
378		1173		1474253		3508
379		1170		1478131		3508
380		1169		1481979		3506
381		1168		1485808		3504
382		1168		1489679		3504
383		1170		1493564		3505
384		1166		1497452		3506
385		1161		1501341		3509
386		1162		1505196		3510
387		1161		1509066		3507
388		1161		1512959		3507
389		1161		1516851		3503
390		1157		1520733		3509
391		1157		1524569		3509
392		1159		1528487		3507
393		1159		1532377		3505
394		1160		1536267		3506
395		1156		1540094		3501
396		1152		1543981		3501
397		1152		1547855		3505
398		1151		1551743		3505
399		1153		1555613		3507
400		1153		1559474		3507
401		1152		1563332		3507
402		1151		1567192		3508
403		1153		1571052		3509
404		1153		1574965		3512
405		1150		1578819		3513
406		1150		1582662		3514
407		1148		1586522		3512
408		1146		1590424		3509
409		1145		1594308		3508
410		1145		1598165		3509
411		1143		1602021		3509
412		1142		1605848		3508
413		1142		1609774		3508
414		1141		1613634		3508
415		1141		1617504		3511
416		1140		1621367		3511
417		1140		1625248		3517
418		1140		1629154		3518
419		1139		1633032		3514
420		1138		1636911		3517
421		1138		1640794		3514
422		1138		1644685		3514
423		1138		1648580		3516
424		1132		1652435		3517
425		1132		1656305		3517
426		1131		1660195		3518
427		1131		1664117		3521
428		1131		1667983		3520
429		1131		1671825		3518
430		1133		1675704		3520
431		1133		1679564		3520
432		1133		1683424		3521
433		1134		1687289		3525
434		1135		1691160		3526
435		1132		1695027		3527
436		1131		1698926		3525
437		1132		1702783		3525
438		1132		1706675		3526
439		1132		1710537		3524
440		1132		1714455		3522
441		1132		1718348		3520
442		1134		1722204		3520
443		1134		1726084		3521
444		1134		1730006		3520
445		1134		1733838		3520
446		1133		1737694		3521
447		1133		1741563		3522
448		1133		1745414		3518
449		1133		1749300		3519
450		1133		1753185		3518
451		1133		1757070		3518
452		1132		1760990		3516
453		1132		1764885		3517
454		1129		1768774		3519
455		1127		1772625		3518
456		1128		1776513		3522
457		1128		1780387		3521
458		1124		1784268		3520
459		1124		1788134		3519
460		1124		1791993		3520
461		1124		1795892		3520
462		1123		1799794		3520
463		1121		1803675		3520
464		1121		1807526		3518
465		1121		1811404		3519
466		1121		1815288		3519
467		1117		1819154		3520
468		1115		1823021		3522
469		1114		1826913		3518
470		1114		1830777		3517
471		1115		1834678		3519
472		1114		1838589		3518
473		1111		1842465		3519
474		1110		1846326		3518
475		1108		1850195		3515
476		1105		1854017		3515
477		1105		1857915		3516
478		1105		1861777		3516
479		1105		1865646		3518
480		1105		1869509		3518
481		1107		1873370		3516
482		1106		1877246		3516
483		1106		1881112		3517
484		1106		1884932		3519
485		1107		1888841		3516
486		1106		1892761		3516
487		1104		1896672		3520
488		1104		1900592		3521
489		1104		1904443		3520
490		1105		1908282		3518
491		1105		1912134		3517
492		1105		1916004		3517
493		1105		1919903		3517
494		1105		1923783		3516
495		1105		1927632		3515
496		1107		1931542		3514
497		1107		1935421		3516
498		1109		1939308		3519
499		1108		1943217		3520
500		1108		1947073		3518
501		1106		1950919		3520
502		1106		1954800		3517
503		1104		1958702		3516
504		1103		1962590		3515
505		1103		1966468		3515
506		1103		1970358		3513
507		1103		1974251		3511
508		1103		1978116		3512
509		1105		1981984		3513
510		1105		1985909		3516
511		1105		1989804		3518
512		1101		1993658		3519
513		1101		1997538		3519
514		1102		2001445		3519
515		1102		2005326		3516
516		1102		2009226		3518
517		1102		2013127		3520
518		1101		2016986		3519
519		1101		2020854		3518
520		1097		2024747		3511
521		1096		2028621		3510
522		1096		2032522		3509
523		1096		2036399		3507
524		1095		2040261		3507
525		1095		2044149		3506
526		1094		2047995		3506
527		1094		2051870		3506
528		1094		2055756		3508
529		1094		2059615		3511
530		1094		2063476		3514
531		1095		2067378		3516
532		1095		2071233		3516
533		1095		2075104		3514
534		1095		2078929		3516
535		1095		2082810		3516
536		1094		2086711		3516
537		1093		2090629		3515
538		1091		2094558		3515
539		1093		2098421		3517
540		1095		2102271		3518
541		1093		2106116		3516
542		1095		2110007		3516
543		1094		2113845		3516
544		1098		2117752		3517
545		1097		2121604		3518
546		1097		2125458		3517
547		1094		2129354		3514
548		1093		2133264		3516
549		1093		2137187		3516
550		1093		2141089		3513
551		1093		2145003		3514
552		1091		2148889		3514
553		1091		2152733		3513
554		1091		2156626		3514
555		1090		2160491		3513
556		1090		2164382		3514
557		1089		2168247		3515
558		1091		2172091		3514
559		1091		2176001		3516
560		1090		2179838		3518
561		1090		2183686		3517
562		1086		2187547		3519
563		1086		2191388		3516
564		1085		2195270		3520
565		1085		2199095		3518
566		1079		2202976		3520
567		1079		2206853		3520
568		1079		2210707		3519
569		1081		2214594		3515
570		1081		2218414		3518
571		1080		2222306		3520
572		1080		2226188		3519
573		1080		2230067		3519
574		1076		2233924		3515
575		1076		2237817		3517
576		1076		2241690		3515
577		1075		2245554		3515
578		1074		2249456		3514
579		1074		2253287		3515
580		1074		2257155		3515
581		1072		2261027		3520
582		1072		2264855		3518
583		1074		2268671		3518
584		1074		2272520		3520
585		1072		2276441		3520
586		1072		2280350		3519
587		1072		2284195		3517
588		1072		2288107		3520
589		1071		2291916		3518
590		1071		2295821		3519
591		1070		2299667		3519
592		1072		2303536		3521
593		1071		2307477		3517
594		1071		2311372		3516
595		1071		2315241		3514
596		1073		2319104		3514
597		1072		2322992		3517
598		1074		2326851		3517
599		1072		2330702		3515
600		1072		2334577		3515
601		1071		2338458		3517
602		1071		2342318		3518
603		1071		2346203		3517
604		1073		2350099		3517
605		1074		2353970		3516
606		1074		2357873		3518
607		1073		2361734		3518
608		1073		2365636		3518
609		1069		2369546		3517
610		1068		2373461		3515
611		1064		2377364		3515
612		1063		2381200		3513
613		1063		2385051		3514
614		1063		2388929		3514
615		1062		2392862		3513
616		1062		2396712		3514
617		1060		2400574		3515
618		1060		2404495		3516
619		1060		2408357		3515
620		1060		2412258		3512
621		1060		2416114		3518
622		1060		2420037		3519
623		1062		2423879		3520
624		1062		2427726		3519
625		1060		2431603		3521
626		1060		2435494		3523
627		1061		2439374		3524
628		1061		2443279		3525
629		1059		2447171		3525
630		1059		2451069		3525
631		1059		2454928		3525
632		1059		2458786		3523
633		1059		2462699		3522
634		1061		2466523		3526
635		1061		2470368		3525
636		1061		2474244		3524
637		1061		2478098		3523
638		1060		2481976		3521
639		1063		2485867		3525
640		1064		2489745		3523
641		1064		2493583		3522
642		1064		2497439		3522
643		1064		2501285		3523
644		1064		2505185		3522
645		1064		2509021		3521
646		1066		2512916		3522
647		1065		2516760		3521
648		1065		2520606		3521
649		1066		2524449		3519
650		1065		2528317		3522
651		1060		2532178		3519
652		1059		2536033		3518
653		1059		2539916		3518
654		1056		2543779		3517
655		1056		2547656		3514
656		1056		2551484		3513
657		1055		2555384		3511
658		1055		2559226		3509
659		1055		2563128		3510
660		1054		2567032		3510
661		1053		2570938		3516
662		1053		2574806		3518
663		1053		2578613		3517
664		1053		2582507		3517
665		1053		2586406		3518
666		1053		2590279		3517
667		1053		2594134		3516
668		1053		2598058		3512
669		1053		2601932		3510
670		1052		2605765		3511
671		1052		2609670		3511
672		1054		2613510		3510
673		1054		2617372		3513
674		1054		2621226		3513
675		1050		2625080		3514
676		1050		2629001		3515
677		1052		2632854		3515
678		1052		2636756		3514
679		1052		2640644		3516
680		1052		2644541		3514
681		1052		2648456		3517
682		1050		2652312		3521
683		1050		2656212		3523
684		1050		2660050		3523
685		1050		2663892		3525
686		1050		2667761		3524
687		1050		2671603		3521
688		1050		2675521		3520
689		1052		2679381		3519
690		1052		2683263		3522
691		1052		2687071		3521
692		1052		2690983		3526
693		1050		2694845		3526
694		1050		2698701		3523
695		1050		2702611		3522
696		1050		2706499		3524
697		1051		2710389		3523
698		1051		2714275		3522
699		1050		2718156		3519
700		1049		2722016		3523
701		1051		2725949		3524
702		1051		2729862		3521
703		1049		2733753		3521
704		1048		2737636		3521
705		1046		2741563		3521
706		1046		2745422		3523
707		1046		2749315		3523
708		1046		2753130		3523
709		1046		2757006		3522
710		1046		2760872		3521
711		1046		2764734		3521
712		1044		2768663		3524
713		1044		2772527		3526
714		1044		2776385		3524
715		1044		2780259		3525
716		1044		2784199		3523
717		1044		2788109		3526
718		1044		2792056		3527
719		1042		2795913		3526
720		1041		2799769		3526
721		1041		2803624		3526
722		1040		2807486		3526
723		1040		2811412		3527
724		1040		2815275		3527
725		1040		2819153		3527
726		1040		2823058		3521
727		1040		2826931		3522
728		1040		2830786		3522
729		1040		2834659		3523
730		1038		2838599		3523
731		1038		2842522		3525
732		1037		2846367		3527
733		1037		2850207		3526
734		1036		2854082		3526
735		1037		2857926		3527
736		1033		2861832		3525
737		1030		2865664		3526
738		1030		2869597		3527
739		1030		2873467		3523
740		1030		2877383		3522
741		1028		2881280		3522
742		1024		2885135		3523
743		1021		2889015		3523
744		1021		2892847		3525
745		1021		2896698		3526
746		1021		2900584		3525
747		1019		2904433		3525
748		1019		2908297		3523
749		1019		2912137		3522
750		1019		2916024		3520
751		1019		2919868		3521
752		1019		2923678		3523
753		1017		2927574		3525
754		1016		2931440		3525
755		1014		2935355		3525
756		1016		2939244		3525
757		1014		2943146		3525
758		1012		2946991		3526
759		1012		2950869		3525
760		1012		2954752		3524
761		1012		2958597		3523
762		1012		2962427		3523
763		1012		2966298		3523
764		1012		2970166		3524
765		1012		2974058		3524
766		1014		2977961		3524
767		1016		2981857		3520
768		1015		2985682		3519
769		1014		2989585		3523
770		1012		2993486		3522
771		1012		2997350		3523
772		1012		3001197		3522
773		1012		3005101		3522
774		1012		3008982		3522
775		1012		3012847		3519
776		1012		3016734		3519
777		1012		3020622		3519
778		1012		3024486		3519
779		1012		3028343		3518
780		1011		3032166		3515
781		1011		3036085		3514
782		1009		3039950		3516
783		1009		3043828		3518
784		1009		3047693		3516
785		1009		3051587		3519
786		1006		3055445		3521
787		1006		3059342		3524
788		1006		3063240		3523
789		1006		3067133		3522
790		1005		3071030		3524
791		1005		3074912		3523
792		1005		3078772		3525
793		1003		3082646		3525
794		1005		3086515		3528
795		1004		3090403		3525
796		1004		3094295		3523
797		999		3098202		3524
798		998		3102106		3527
799		994		3105978		3528
800		992		3109820		3531
801		994		3113671		3531
802		994		3117566		3533
803		993		3121450		3534
804		993		3125357		3532
805		993		3129227		3533
806		993		3133073		3534
807		991		3136972		3537
808		991		3140855		3534
809		984		3144724		3536
810		980		3148600		3533
811		974		3152513		3532
812		971		3156381		3533
813		971		3160238		3536
814		970		3164109		3536
815		970		3168023		3537
816		969		3171904		3534
817		968		3175810		3535
818		968		3179672		3534
819		968		3183577		3535
820		966		3187427		3536
821		966		3191294		3537
822		966		3195162		3539
823		966		3199068		3539
824		966		3202966		3539
825		966		3206842		3541
826		964		3210754		3538
827		964		3214623		3539
828		964		3218495		3537
829		964		3222343		3537
830		964		3226214		3537
831		964		3230150		3539
832		964		3234034		3540
833		964		3237929		3540
834		964		3241796		3541
835		964		3245659		3542
836		964		3249526		3542
837		964		3253371		3541
838		966		3257237		3542
839		966		3261140		3542
840		966		3265010		3540
841		966		3268874		3540
842		966		3272725		3539
843		966		3276621		3536
844		966		3280515		3536
845		968		3284429		3535
846		968		3288309		3536
847		968		3292208		3537
848		968		3296087		3537
849		968		3299981		3538
850		968		3303827		3539
851		968		3307705		3541
852		968		3311576		3541
853		968		3315502		3542
854		968		3319428		3540
855		968		3323317		3540
856		968		3327177		3540
857		968		3330989		3540
858		967		3334870		3540
859		969		3338774		3538
860		968		3342635		3538
861		968		3346520		3536
862		968		3350372		3540
863		965		3354231		3540
864		965		3358143		3538
865		963		3361975		3535
866		963		3365836		3537
867		964		3369757		3538
868		963		3373649		3535
869		963		3377493		3536
870		962		3381380		3535
871		966		3385232		3537
872		969		3389119		3538
873		971		3392980		3541
874		973		3396835		3540
875		973		3400719		3541
876		972		3404624		3541
877		972		3408526		3542
878		972		3412420		3541
879		972		3416275		3540
880		974		3420186		3540
881		971		3424032		3539
882		971		3427931		3542
883		971		3431789		3540
884		971		3435692		3538
885		973		3439594		3536
886		971		3443447		3534
887		971		3447313		3532
888		968		3451177		3533
889		966		3455017		3534
890		966		3458903		3533
891		966		3462817		3534
892		966		3466664		3533
893		966		3470532		3531
894		964		3474374		3531
895		964		3478321		3531
896		962		3482223		3533
897		962		3486122		3535
898		962		3489975		3535
899		962		3493799		3535
900		962		3497705		3538
901		962		3501608		3536
902		962		3505454		3536
903		961		3509276		3538
904		961		3513171		3538
905		963		3517112		3539
906		963		3520970		3538
907		963		3524793		3540
908		967		3528656		3539
909		967		3532546		3539
910		966		3536413		3540
911		965		3540279		3541
912		964		3544195		3540
913		963		3548085		3538
914		962		3551945		3539
915		962		3555861		3540
916		962		3559746		3540
917		961		3563687		3540
918		961		3567533		3538
919		961		3571402		3536
920		960		3575235		3536
921		960		3579106		3536
922		960		3583003		3535
923		960		3586847		3530
924		958		3590770		3530
925		958		3594675		3530
926		958		3598560		3530
927		958		3602457		3531
928		958		3606315		3531
929		959		3610161		3530
930		959		3614026		3530
931		959		3617892		3530
932		959		3621758		3530
933		959		3625635		3531
934		959		3629466		3532
935		959		3633338		3532
936		959		3637204		3532
937		959		3641135		3531
938		959		3644981		3528
939		958		3648853		3526
940		958		3652761		3525
941		958		3656622		3525
942		955		3660520		3527
943		955		3664428		3528
944		957		3668269		3530
945		955		3672175		3532
946		955		3676065		3534
947		955		3679980		3534
948		955		3683871		3534
949		953		3687729		3532
950		953		3691564		3532
951		952		3695441		3534
952		952		3699311		3533
953		950		3703143		3533
954		950		3706998		3532
955		950		3710896		3532
956		950		3714774		3534
957		950		3718660		3537
958		950		3722496		3537
959		950		3726358		3535
960		950		3730233		3538
961		950		3734092		3535
962		950		3737947		3536
963		950		3741838		3536
964		948		3745734		3536
965		947		3749632		3538
966		947		3753493		3540
967		944		3757329		3541
968		943		3761221		3542
969		943		3765108		3542
970		943		3768973		3540
971		943		3772815		3541
972		943		3776708		3541
973		945		3780585		3541
974		945		3784468		3540
975		945		3788346		3542
976		943		3792219		3541
977		943		3796098		3540
978		943		3800008		3537
979		943		3803918		3537
980		943		3807775		3537
981		943		3811664		3536
982		943		3815494		3536
983		943		3819314		3536
984		941		3823182		3534
985		941		3827046		3532
986		941		3830895		3531
987		940		3834789		3535
988		940		3838661		3536
989		940		3842524		3534
990		940		3846408		3534
991		940		3850277		3534
992		939		3854148		3534
993		939		3858007		3532
994		939		3861913		3532
995		939		3865808		3532
996		939		3869702		3533
997		939		3873595		3533
998		939		3877486		3534
999		939		3881358		3533
