# Migration is number of nodes that have changed color.

Round		Edge-Cut		Swaps		Migrations		Skipped
0		6587		4583		2782
1		5713		8975		3073
2		5268		13316		3194
3		4919		17562		3247
4		4618		21785		3305
5		4443		26000		3313
6		4338		30216		3335
7		4170		34427		3325
8		4016		38635		3341
9		3887		42850		3341
10		3768		47011		3344
11		3634		51127		3365
12		3526		55248		3359
13		3498		59366		3374
14		3398		63456		3378
15		3304		67551		3403
16		3204		71637		3401
17		3218		75728		3410
18		3181		79786		3406
19		3149		83882		3376
20		3116		87948		3382
21		3040		92070		3373
22		2925		96141		3398
23		2974		100187		3399
24		2824		104251		3424
25		2782		108309		3406
26		2678		112365		3402
27		2700		116439		3406
28		2712		120500		3403
29		2712		124533		3403
30		2743		128556		3406
31		2677		132572		3382
32		2700		136624		3406
33		2703		140619		3399
34		2656		144641		3368
35		2642		148639		3391
36		2589		152683		3420
37		2604		156737		3415
38		2611		160799		3411
39		2573		164851		3417
40		2576		168902		3411
41		2559		172937		3416
42		2516		176955		3411
43		2499		180954		3406
44		2500		184949		3400
45		2473		188944		3419
46		2468		192993		3427
47		2466		197011		3433
48		2472		201046		3434
49		2425		205080		3423
50		2398		209120		3430
51		2375		213116		3447
52		2360		217110		3454
53		2332		221125		3456
54		2346		225090		3463
55		2349		229114		3441
56		2345		233140		3441
57		2334		237109		3450
58		2317		241083		3449
59		2291		245071		3436
60		2285		249086		3442
61		2241		253122		3450
62		2215		257146		3425
63		2180		261117		3445
64		2213		265094		3461
65		2211		269089		3440
66		2193		273088		3455
67		2204		277062		3451
68		2209		281094		3448
69		2221		285087		3461
70		2156		289109		3462
71		2149		293137		3461
72		2103		297127		3467
73		2130		301138		3478
74		2145		305125		3474
75		2151		309092		3474
76		2122		313082		3461
77		2168		317093		3463
78		2161		321060		3470
79		2131		324994		3459
80		2150		328996		3458
81		2111		332975		3469
82		2079		337010		3478
83		2060		341014		3454
84		2065		344942		3461
85		2073		348932		3460
86		2087		352948		3465
87		2116		356964		3477
88		2075		360949		3471
89		2057		364956		3465
90		2072		368990		3470
91		2043		372952		3482
92		2050		376959		3475
93		2007		380942		3471
94		2030		384936		3470
95		1970		388903		3457
96		1918		392872		3459
97		1940		396857		3444
98		1941		400812		3437
99		1893		404767		3447
100		1935		408737		3458
101		1926		412765		3468
102		1866		416732		3488
103		1867		420713		3476
104		1821		424645		3482
105		1774		428659		3504
106		1769		432643		3497
107		1824		436602		3482
108		1807		440598		3491
109		1765		444545		3474
110		1767		448533		3462
111		1752		452493		3477
112		1705		456458		3481
113		1680		460423		3472
114		1681		464338		3454
115		1683		468234		3459
116		1677		472201		3466
117		1737		476138		3470
118		1736		480096		3469
119		1730		484108		3467
120		1763		488091		3447
121		1712		492054		3463
122		1689		495999		3480
123		1710		499958		3477
124		1728		503908		3484
125		1732		507868		3482
126		1713		511849		3478
127		1721		515806		3482
128		1714		519795		3477
129		1669		523752		3482
130		1717		527717		3483
131		1710		531616		3472
132		1737		535616		3476
133		1717		539562		3487
134		1724		543509		3495
135		1749		547503		3496
136		1706		551405		3488
137		1679		555393		3490
138		1687		559371		3497
139		1739		563386		3504
140		1723		567356		3493
141		1690		571294		3491
142		1697		575220		3482
143		1704		579230		3495
144		1722		583220		3499
145		1680		587160		3506
146		1698		591134		3506
147		1704		595099		3480
148		1717		599084		3474
149		1704		603078		3476
150		1698		607003		3464
151		1669		610934		3459
152		1654		614915		3467
153		1653		618878		3479
154		1645		622796		3487
155		1629		626732		3488
156		1647		630697		3494
157		1662		634666		3489
158		1686		638596		3479
159		1635		642542		3475
160		1637		646518		3485
161		1581		650444		3483
162		1611		654412		3477
163		1626		658335		3497
164		1611		662245		3503
165		1623		666176		3491
166		1632		670143		3482
167		1693		674134		3476
168		1669		678069		3490
169		1653		682041		3488
170		1657		685965		3462
171		1663		689955		3468
172		1663		693942		3461
173		1614		697921		3450
174		1581		701939		3447
175		1553		705941		3454
176		1568		709874		3447
177		1594		713784		3452
178		1568		717717		3444
179		1594		721694		3455
180		1603		725617		3446
181		1609		729576		3457
182		1603		733520		3456
183		1628		737498		3461
184		1575		741473		3463
185		1552		745414		3464
186		1566		749358		3473
187		1576		753298		3464
188		1567		757225		3461
189		1603		761166		3467
190		1584		765177		3461
191		1536		769112		3470
192		1546		773116		3476
193		1515		777106		3468
194		1525		781112		3456
195		1561		785051		3465
196		1539		789021		3469
197		1523		792976		3468
198		1532		796962		3486
199		1546		800900		3488
200		1538		804860		3484
201		1561		808797		3482
202		1577		812742		3478
203		1580		816715		3477
204		1592		820650		3475
205		1589		824611		3471
206		1558		828614		3467
207		1588		832527		3477
208		1571		836423		3473
209		1601		840385		3484
210		1607		844390		3486
211		1595		848354		3476
212		1598		852326		3477
213		1609		856235		3465
214		1616		860193		3472
215		1620		864111		3470
216		1588		868052		3472
217		1569		872017		3473
218		1551		875960		3458
219		1542		879937		3463
220		1563		883902		3475
221		1508		887814		3469
222		1521		891793		3462
223		1511		895777		3475
224		1475		899764		3477
225		1496		903730		3472
226		1553		907694		3466
227		1544		911663		3484
228		1523		915631		3472
229		1519		919584		3469
230		1561		923520		3470
231		1549		927468		3481
232		1553		931357		3478
233		1525		935279		3473
234		1508		939187		3478
235		1504		943108		3469
236		1482		947056		3473
237		1467		950983		3477
238		1499		955006		3474
239		1516		958936		3472
240		1522		962872		3474
241		1530		966844		3472
242		1513		970807		3473
243		1528		974766		3463
244		1499		978759		3463
245		1485		982691		3476
246		1508		986663		3472
247		1472		990603		3450
248		1447		994574		3456
249		1406		998556		3451
250		1401		1002477		3458
251		1384		1006447		3470
252		1388		1010383		3469
253		1358		1014301		3476
254		1359		1018269		3467
255		1337		1022226		3473
256		1357		1026153		3481
257		1308		1030082		3495
258		1275		1034024		3495
259		1249		1038008		3480
260		1235		1041964		3485
261		1205		1045859		3487
262		1211		1049796		3483
263		1209		1053696		3482
264		1205		1057636		3488
265		1207		1061519		3491
266		1185		1065425		3484
267		1187		1069338		3486
268		1194		1073275		3478
269		1217		1077226		3472
270		1198		1081156		3473
271		1162		1085085		3473
272		1194		1088975		3476
273		1181		1092867		3482
274		1179		1096803		3488
275		1165		1100641		3490
276		1160		1104514		3486
277		1149		1108464		3493
278		1165		1112371		3483
279		1150		1116302		3480
280		1151		1120225		3481
281		1126		1124129		3482
282		1124		1128080		3481
283		1130		1132044		3482
284		1149		1135964		3476
285		1160		1139859		3482
286		1154		1143777		3487
287		1170		1147667		3495
288		1180		1151563		3492
289		1165		1155493		3495
290		1164		1159395		3480
291		1159		1163313		3482
292		1160		1167235		3480
293		1194		1171166		3484
294		1170		1175135		3486
295		1163		1179087		3482
296		1191		1183010		3484
297		1211		1186953		3479
298		1222		1190879		3479
299		1214		1194830		3493
300		1213		1198760		3486
301		1199		1202670		3491
302		1200		1206645		3483
303		1214		1210617		3485
304		1207		1214534		3486
305		1218		1218446		3481
306		1221		1222420		3480
307		1233		1226369		3470
308		1239		1230267		3475
309		1256		1234187		3478
310		1241		1238145		3468
311		1241		1242077		3473
312		1235		1246016		3478
313		1242		1249957		3468
314		1205		1253905		3465
315		1185		1257833		3459
316		1194		1261740		3467
317		1203		1265678		3463
318		1201		1269625		3464
319		1215		1273563		3454
320		1206		1277453		3456
321		1210		1281413		3461
322		1198		1285321		3467
323		1177		1289220		3462
324		1163		1293119		3474
325		1171		1297013		3472
326		1172		1300929		3476
327		1168		1304847		3485
328		1177		1308784		3474
329		1161		1312733		3474
330		1166		1316660		3480
331		1160		1320625		3472
332		1143		1324499		3471
333		1169		1328436		3471
334		1165		1332294		3466
335		1151		1336208		3472
336		1152		1340136		3472
337		1144		1344056		3467
338		1135		1348015		3464
339		1151		1351982		3471
340		1146		1355876		3475
341		1110		1359782		3479
342		1104		1363658		3481
343		1108		1367614		3478
344		1092		1371557		3474
345		1099		1375452		3484
346		1080		1379317		3481
347		1067		1383275		3471
348		1081		1387143		3469
349		1056		1391031		3459
350		1060		1394950		3460
351		1073		1398856		3462
352		1068		1402794		3462
353		1040		1406706		3468
354		1046		1410637		3478
355		1005		1414548		3474
356		999		1418450		3476
357		1025		1422356		3478
358		1045		1426244		3474
359		1039		1430172		3476
360		1045		1434058		3476
361		1061		1437950		3478
362		1076		1441841		3467
363		1061		1445789		3482
364		1072		1449644		3483
365		1046		1453566		3473
366		1049		1457491		3473
367		1038		1461386		3467
368		1039		1465334		3472
369		1032		1469270		3475
370		1037		1473159		3480
371		1043		1477060		3483
372		1044		1481003		3480
373		1033		1484885		3484
374		1035		1488769		3489
375		1042		1492674		3479
376		1030		1496590		3487
377		1039		1500514		3486
378		1014		1504429		3487
379		1018		1508310		3472
380		1026		1512197		3475
381		1021		1516090		3475
382		1008		1519981		3472
383		1013		1523856		3480
384		992		1527777		3467
385		1005		1531750		3469
386		1024		1535671		3479
387		1015		1539556		3468
388		1001		1543462		3474
389		1010		1547356		3479
390		1040		1551251		3475
391		1027		1555140		3483
392		1057		1559022		3485
393		1059		1562943		3482
394		1056		1566873		3479
395		1045		1570773		3477
396		1045		1574698		3481
397		1058		1578573		3473
398		1056		1582439		3476
399		1023		1586368		3473
400		1002		1590271		3467
401		1012		1594210		3471
402		1004		1598113		3469
403		991		1602070		3463
404		998		1605969		3472
405		960		1609880		3461
406		960		1613741		3467
407		944		1617644		3465
408		952		1621524		3466
409		964		1625452		3471
410		967		1629342		3472
411		994		1633250		3466
412		994		1637137		3474
413		984		1641046		3481
414		989		1644973		3471
415		961		1648900		3473
416		955		1652780		3478
417		957		1656696		3481
418		953		1660588		3485
419		953		1664461		3482
420		950		1668355		3485
421		942		1672264		3483
422		943		1676154		3482
423		921		1680057		3482
424		929		1683964		3482
425		938		1687831		3481
426		942		1691703		3479
427		951		1695587		3482
428		967		1699481		3481
429		977		1703411		3481
430		998		1707303		3474
431		1002		1711196		3479
432		1014		1715127		3478
433		1007		1718986		3484
434		997		1722900		3480
435		987		1726804		3478
436		967		1730651		3477
437		978		1734556		3476
438		989		1738447		3465
439		997		1742355		3468
440		1013		1746261		3475
441		1002		1750155		3477
442		1001		1754120		3481
443		1001		1758039		3484
444		995		1761922		3476
445		1002		1765812		3474
446		992		1769739		3478
447		995		1773628		3474
448		991		1777559		3470
449		988		1781504		3462
450		996		1785427		3459
451		1008		1789312		3462
452		1013		1793186		3469
453		1012		1797093		3461
454		1001		1801008		3468
455		954		1804862		3481
456		967		1808748		3472
457		948		1812608		3467
458		947		1816537		3482
459		954		1820443		3481
460		941		1824349		3474
461		943		1828299		3479
462		945		1832254		3477
463		952		1836144		3484
464		954		1840040		3485
465		952		1843921		3476
466		956		1847809		3480
467		942		1851710		3479
468		955		1855627		3485
469		978		1859513		3485
470		991		1863372		3488
471		972		1867262		3481
472		996		1871158		3480
473		991		1875060		3477
474		988		1878974		3481
475		1003		1882889		3483
476		972		1886796		3483
477		966		1890675		3484
478		960		1894574		3490
479		967		1898514		3486
480		963		1902417		3490
481		952		1906348		3484
482		933		1910251		3485
483		943		1914143		3476
484		943		1918044		3488
485		921		1921977		3494
486		927		1925881		3498
487		924		1929812		3494
488		922		1933737		3484
489		919		1937621		3486
490		913		1941527		3490
491		931		1945439		3484
492		935		1949301		3478
493		922		1953218		3478
494		911		1957117		3472
495		914		1961005		3475
496		900		1964921		3476
497		907		1968812		3478
498		913		1972708		3482
499		900		1976626		3474
500		889		1980531		3474
501		884		1984411		3473
502		881		1988255		3473
503		884		1992162		3474
504		880		1996046		3477
505		867		1999963		3478
506		865		2003835		3481
507		866		2007773		3485
508		860		2011672		3483
509		861		2015538		3481
510		857		2019381		3480
511		857		2023268		3477
512		858		2027192		3473
513		869		2031090		3473
514		864		2034977		3473
515		856		2038853		3473
516		852		2042698		3471
517		846		2046611		3474
518		844		2050504		3470
519		848		2054377		3472
520		856		2058260		3474
521		863		2062134		3474
522		860		2066058		3472
523		860		2069941		3469
524		856		2073845		3467
525		848		2077746		3477
526		848		2081656		3474
527		848		2085498		3470
528		846		2089412		3465
529		859		2093344		3467
530		858		2097250		3464
531		862		2101109		3465
532		860		2105040		3467
533		861		2108939		3476
534		867		2112830		3476
535		868		2116732		3480
536		869		2120641		3483
537		871		2124560		3480
538		877		2128421		3483
539		879		2132300		3484
540		881		2136181		3483
541		874		2140038		3490
542		872		2143956		3491
543		860		2147815		3490
544		862		2151710		3492
545		852		2155591		3490
546		847		2159507		3491
547		842		2163376		3491
548		831		2167250		3491
549		836		2171132		3494
550		835		2175026		3491
551		833		2178905		3487
552		847		2182797		3484
553		828		2186648		3484
554		835		2190552		3485
555		841		2194422		3482
556		832		2198297		3478
557		833		2202189		3477
558		825		2206018		3479
559		828		2209936		3479
560		821		2213817		3480
561		821		2217704		3480
562		819		2221611		3473
563		815		2225511		3473
564		816		2229386		3466
565		814		2233286		3469
566		822		2237182		3467
567		818		2241072		3472
568		827		2244988		3477
569		827		2248860		3473
570		827		2252725		3466
571		832		2256589		3469
572		827		2260461		3474
573		824		2264331		3478
574		824		2268205		3477
575		822		2272113		3475
576		821		2276047		3476
577		831		2279948		3471
578		834		2283868		3470
579		834		2287743		3473
580		834		2291626		3476
581		831		2295526		3468
582		826		2299444		3463
583		827		2303345		3466
584		837		2307223		3470
585		841		2311133		3472
586		841		2315028		3473
587		836		2318898		3470
588		842		2322798		3478
589		835		2326717		3476
590		838		2330635		3476
591		838		2334545		3480
592		844		2338452		3483
593		844		2342327		3484
594		843		2346234		3486
595		848		2350153		3485
596		843		2354050		3489
597		841		2357927		3490
598		827		2361838		3491
599		837		2365698		3490
600		829		2369530		3484
601		827		2373399		3485
602		820		2377306		3486
603		821		2381209		3483
604		815		2385079		3486
605		809		2389010		3484
606		806		2392841		3485
607		800		2396677		3486
608		799		2400557		3484
609		792		2404465		3486
610		792		2408325		3483
611		793		2412187		3483
612		791		2416094		3479
613		787		2419985		3476
614		785		2423827		3474
615		785		2427726		3474
616		787		2431606		3473
617		781		2435535		3474
618		783		2439438		3476
619		783		2443302		3473
620		776		2447171		3472
621		771		2451083		3475
622		772		2454940		3474
623		770		2458839		3474
624		769		2462735		3474
625		762		2466606		3474
626		754		2470455		3475
627		752		2474345		3474
628		752		2478234		3474
629		754		2482135		3475
630		752		2486029		3476
631		753		2489916		3474
632		753		2493785		3476
633		750		2497660		3475
634		748		2501566		3476
635		747		2505453		3476
636		743		2509322		3474
637		746		2513208		3474
638		744		2517072		3473
639		742		2520935		3473
640		741		2524816		3472
641		738		2528703		3471
642		738		2532614		3471
643		738		2536501		3472
644		737		2540385		3473
645		739		2544253		3470
646		732		2548174		3473
647		733		2552066		3477
648		735		2555926		3481
649		735		2559774		3480
650		737		2563640		3481
651		735		2567508		3478
652		728		2571393		3478
653		722		2575266		3477
654		720		2579171		3481
655		722		2583048		3479
656		724		2586948		3481
657		726		2590819		3483
658		729		2594713		3483
659		723		2598647		3481
660		727		2602523		3477
661		727		2606384		3476
662		727		2610233		3481
663		726		2614119		3479
664		726		2617991		3479
665		728		2621861		3479
666		729		2625705		3475
667		727		2629555		3475
668		728		2633421		3475
669		727		2637290		3471
670		723		2641170		3470
671		724		2645075		3472
672		724		2648942		3472
673		714		2652780		3474
674		714		2656623		3474
675		711		2660512		3477
676		712		2664388		3479
677		712		2668261		3480
678		715		2672128		3476
679		714		2676007		3478
680		714		2679878		3478
681		711		2683764		3476
682		712		2687702		3475
683		712		2691592		3476
684		712		2695481		3476
685		713		2699361		3477
686		712		2703266		3475
687		715		2707198		3473
688		714		2711071		3475
689		715		2714946		3474
690		715		2718843		3475
691		716		2722733		3474
692		715		2726656		3475
693		715		2730577		3474
694		718		2734454		3471
695		719		2738315		3472
696		721		2742251		3472
697		713		2746151		3471
698		712		2750022		3473
699		713		2753933		3475
700		712		2757857		3475
701		715		2761740		3471
702		716		2765616		3469
703		713		2769519		3469
704		715		2773369		3472
705		712		2777264		3472
706		713		2781141		3473
707		711		2785035		3471
708		708		2788883		3471
709		706		2792800		3471
710		701		2796674		3469
711		700		2800604		3467
712		697		2804462		3467
713		697		2808344		3467
714		695		2812224		3472
715		695		2816059		3471
716		696		2819888		3471
717		696		2823765		3471
718		694		2827642		3471
719		691		2831496		3472
720		691		2835407		3472
721		691		2839314		3472
722		693		2843187		3472
723		695		2847092		3475
724		694		2850949		3478
725		694		2854813		3478
726		693		2858662		3479
727		692		2862522		3481
728		691		2866397		3483
729		691		2870279		3481
730		692		2874184		3479
731		690		2878088		3479
732		690		2881971		3478
733		692		2885814		3480
734		692		2889715		3480
735		692		2893572		3478
736		692		2897476		3479
737		691		2901357		3480
738		692		2905264		3480
739		692		2909170		3480
740		693		2913029		3480
741		692		2916953		3482
742		694		2920820		3483
743		695		2924730		3484
744		697		2928656		3482
745		697		2932524		3481
746		698		2936382		3481
747		698		2940279		3482
748		699		2944157		3482
749		699		2948007		3482
750		697		2951863		3484
751		698		2955763		3483
752		696		2959713		3480
753		694		2963586		3478
754		694		2967480		3478
755		695		2971376		3477
756		694		2975261		3478
757		694		2979100		3478
758		694		2982963		3478
759		695		2986860		3479
760		695		2990756		3480
761		695		2994677		3480
762		697		2998532		3482
763		694		3002391		3482
764		694		3006281		3482
765		694		3010178		3483
766		697		3014072		3482
767		697		3017921		3482
768		699		3021752		3482
769		698		3025633		3482
770		700		3029487		3483
771		700		3033334		3480
772		700		3037214		3481
773		700		3041091		3481
774		700		3044969		3480
775		700		3048896		3482
776		699		3052741		3483
777		699		3056631		3482
778		700		3060500		3480
779		703		3064393		3480
780		702		3068284		3479
781		701		3072195		3480
782		698		3076046		3480
783		698		3079919		3480
784		697		3083816		3481
785		692		3087721		3477
786		693		3091597		3478
787		693		3095461		3481
788		693		3099351		3481
789		694		3103211		3480
790		699		3107072		3478
791		694		3110974		3480
792		697		3114887		3477
793		696		3118868		3477
794		696		3122753		3479
795		695		3126610		3480
796		696		3130468		3479
797		696		3134347		3479
798		697		3138199		3478
799		699		3142064		3478
800		699		3145901		3478
801		699		3149806		3480
802		699		3153697		3480
803		698		3157604		3482
804		698		3161542		3479
805		694		3165431		3478
806		694		3169308		3479
807		694		3173234		3478
808		693		3177108		3479
809		687		3180973		3481
810		687		3184863		3481
811		686		3188765		3481
812		686		3192629		3482
813		686		3196488		3481
814		686		3200370		3482
815		686		3204245		3483
816		686		3208126		3484
817		684		3212034		3482
818		687		3215899		3483
819		687		3219789		3481
820		688		3223663		3480
821		689		3227534		3480
822		688		3231403		3479
823		689		3235296		3480
824		686		3239171		3479
825		686		3243034		3479
826		684		3246901		3481
827		686		3250784		3480
828		682		3254624		3481
829		682		3258479		3481
830		682		3262371		3481
831		682		3266244		3482
832		681		3270108		3483
833		681		3273991		3483
834		681		3277856		3484
835		681		3281740		3482
836		679		3285618		3482
837		679		3289449		3480
838		679		3293344		3480
839		679		3297229		3480
840		677		3301077		3480
841		674		3304978		3481
842		673		3308859		3481
843		673		3312792		3482
844		673		3316702		3481
845		673		3320571		3481
846		673		3324436		3481
847		673		3328319		3481
848		671		3332213		3480
849		671		3336077		3482
850		671		3339948		3482
851		671		3343815		3482
852		671		3347703		3482
853		671		3351580		3482
854		671		3355433		3482
855		671		3359318		3482
856		671		3363176		3482
857		671		3367076		3482
858		670		3370935		3482
859		670		3374818		3482
860		670		3378612		3482
861		670		3382535		3482
862		670		3386397		3482
863		669		3390302		3483
864		669		3394154		3483
865		669		3398007		3483
866		668		3401869		3482
867		668		3405737		3484
868		668		3409620		3484
869		667		3413512		3483
870		667		3417367		3483
871		667		3421278		3484
872		667		3425152		3484
873		667		3429024		3484
874		667		3432893		3484
875		667		3436757		3484
876		667		3440601		3484
877		666		3444445		3485
878		666		3448313		3485
879		666		3452181		3485
880		666		3456047		3485
881		666		3459980		3485
882		668		3463835		3487
883		668		3467734		3487
884		668		3471566		3485
885		668		3475455		3485
886		668		3479343		3485
887		668		3483182		3485
888		666		3487053		3488
889		666		3490950		3488
890		666		3494843		3487
891		666		3498711		3487
892		666		3502599		3489
893		666		3506449		3489
894		666		3510310		3489
895		666		3514215		3489
896		666		3518067		3488
897		666		3521929		3488
898		666		3525779		3486
899		666		3529704		3486
900		662		3533667		3485
901		662		3537573		3485
902		662		3541455		3485
903		662		3545315		3485
904		662		3549177		3486
905		662		3553061		3486
906		662		3556949		3485
907		661		3560795		3482
908		661		3564700		3482
909		661		3568604		3482
910		661		3572424		3483
911		661		3576297		3484
912		661		3580185		3484
913		661		3584062		3487
914		661		3587897		3487
915		661		3591778		3487
916		661		3595681		3488
917		661		3599567		3488
918		661		3603476		3488
919		661		3607364		3488
920		661		3611234		3488
921		661		3615134		3489
922		661		3619002		3489
923		661		3622875		3489
924		661		3626741		3489
925		661		3630626		3487
926		661		3634483		3486
927		661		3638354		3486
928		661		3642226		3486
929		661		3646072		3486
930		661		3649974		3486
931		661		3653819		3486
932		661		3657701		3485
933		661		3661611		3485
934		661		3665503		3485
935		661		3669397		3485
936		661		3673286		3485
937		661		3677124		3485
938		659		3680981		3486
939		659		3684884		3485
940		659		3688776		3485
941		659		3692664		3485
942		657		3696534		3486
943		655		3700404		3485
944		655		3704317		3485
945		655		3708216		3486
946		655		3712120		3486
947		655		3715993		3486
948		655		3719816		3486
949		655		3723725		3486
950		655		3727579		3486
951		655		3731462		3487
952		655		3735318		3487
953		655		3739179		3487
954		655		3743037		3487
955		655		3746904		3487
956		655		3750762		3487
957		657		3754658		3485
958		657		3758571		3485
959		659		3762449		3486
960		659		3766324		3486
961		655		3770181		3485
962		655		3774086		3485
963		655		3777995		3485
964		655		3781857		3485
965		655		3785753		3485
966		655		3789689		3485
967		655		3793520		3486
968		655		3797444		3485
969		655		3801343		3485
970		655		3805222		3485
971		655		3809119		3485
972		655		3812932		3485
973		655		3816819		3485
974		655		3820686		3485
975		655		3824520		3485
976		655		3828441		3485
977		655		3832324		3485
978		655		3836249		3485
979		655		3840108		3484
980		655		3843977		3484
981		655		3847879		3484
982		655		3851727		3483
983		655		3855577		3482
984		655		3859472		3482
985		655		3863327		3482
986		655		3867168		3482
987		655		3871060		3482
988		655		3874975		3482
989		653		3878828		3481
990		653		3882687		3481
991		653		3886611		3481
992		653		3890460		3481
993		653		3894325		3481
994		653		3898205		3481
995		653		3902112		3481
996		653		3906016		3481
997		653		3909942		3480
998		653		3913820		3481
999		653		3917692		3481
