# Migration is number of nodes that have changed color.

Round		Edge-Cut		Swaps		Migrations		Skipped
0		3531		2352		1605
1		2954		4625		1733
2		2739		6838		1747
3		2553		9043		1771
4		2484		11223		1771
5		2401		13402		1790
6		2312		15545		1794
7		2171		17654		1797
8		2120		19782		1810
9		2070		21901		1795
10		1988		24026		1779
11		1956		26148		1793
12		1914		28251		1777
13		1899		30379		1782
14		1954		32468		1799
15		1989		34562		1805
16		1967		36658		1825
17		1932		38751		1826
18		1944		40829		1809
19		1933		42943		1809
20		1941		45053		1810
21		1923		47155		1793
22		1965		49258		1809
23		1992		51360		1809
24		1974		53474		1804
25		1971		55572		1798
26		1980		57678		1780
27		2001		59793		1797
28		1954		61893		1792
29		1966		64005		1792
30		1960		66114		1823
31		2030		68219		1800
32		1951		70350		1783
33		1956		72469		1778
34		1980		74575		1801
35		1965		76681		1821
36		1965		78798		1799
37		1995		80890		1807
38		1960		83016		1814
39		1980		85135		1842
40		1950		87259		1801
41		1915		89373		1820
42		1939		91456		1807
43		1953		93530		1802
44		1992		95651		1795
45		2015		97754		1809
46		1945		99891		1805
47		1974		101994		1816
48		1979		104089		1817
49		1957		106212		1804
50		1935		108304		1787
51		1894		110405		1799
52		1918		112493		1817
53		1903		114560		1819
54		1866		116690		1786
55		1872		118784		1790
56		1881		120905		1784
57		1912		123005		1791
58		1899		125120		1790
59		1902		127231		1804
60		1949		129318		1805
61		1930		131422		1812
62		1943		133532		1811
63		1942		135637		1812
64		1887		137764		1792
65		1877		139833		1806
66		1888		141936		1815
67		1880		144021		1809
68		1909		146125		1798
69		1943		148237		1803
70		1895		150341		1824
71		1902		152450		1816
72		1900		154560		1812
73		1913		156669		1801
74		1867		158747		1803
75		1895		160811		1814
76		1897		162885		1819
77		1866		164973		1812
78		1900		167077		1800
79		1919		169190		1806
80		1907		171310		1791
81		1883		173429		1805
82		1886		175512		1795
83		1880		177601		1801
84		1897		179693		1800
85		1893		181797		1796
86		1869		183912		1798
87		1858		185995		1805
88		1869		188114		1817
89		1883		190229		1789
90		1889		192308		1791
91		1854		194391		1807
92		1857		196486		1804
93		1875		198555		1821
94		1895		200652		1808
95		1891		202731		1834
96		1846		204819		1821
97		1863		206910		1823
98		1887		209004		1824
99		1885		211117		1813
100		1859		213196		1795
101		1863		215297		1792
102		1859		217400		1796
103		1838		219493		1789
104		1812		221558		1809
105		1787		223607		1810
106		1797		225668		1823
107		1817		227779		1797
108		1856		229847		1795
109		1891		231945		1790
110		1895		234062		1812
111		1865		236157		1796
112		1894		238245		1817
113		1886		240357		1814
114		1877		242423		1807
115		1832		244532		1807
116		1837		246620		1807
117		1821		248711		1805
118		1827		250817		1803
119		1816		252916		1816
120		1831		254992		1822
121		1815		257075		1820
122		1850		259171		1828
123		1820		261267		1821
124		1863		263338		1803
125		1802		265390		1824
126		1831		267512		1823
127		1823		269565		1821
128		1847		271669		1810
129		1878		273750		1797
130		1860		275829		1794
131		1826		277937		1814
132		1811		280026		1799
133		1845		282123		1794
134		1853		284214		1796
135		1799		286292		1780
136		1792		288408		1786
137		1785		290452		1793
138		1812		292515		1806
139		1793		294638		1788
140		1782		296712		1782
141		1861		298784		1810
142		1805		300859		1788
143		1807		302947		1794
144		1818		305013		1812
145		1842		307113		1797
146		1823		309231		1812
147		1805		311317		1806
148		1789		313415		1802
149		1808		315470		1810
150		1782		317546		1801
151		1781		319640		1807
152		1817		321719		1817
153		1847		323806		1822
154		1802		325904		1816
155		1795		328015		1804
156		1769		330096		1812
157		1785		332160		1813
158		1818		334275		1799
159		1808		336360		1802
160		1789		338443		1806
161		1795		340536		1798
162		1798		342656		1807
163		1841		344733		1824
164		1840		346833		1828
165		1857		348919		1819
166		1843		351016		1818
167		1814		353129		1817
168		1779		355210		1819
169		1802		357276		1823
170		1760		359355		1828
171		1795		361420		1806
172		1777		363501		1793
173		1770		365565		1812
174		1782		367659		1806
175		1794		369733		1802
176		1805		371838		1810
177		1794		373934		1790
178		1838		376043		1785
179		1791		378132		1819
180		1820		380195		1815
181		1809		382291		1814
182		1813		384348		1804
183		1756		386431		1803
184		1842		388528		1821
185		1841		390634		1809
186		1828		392721		1798
187		1859		394820		1804
188		1867		396931		1796
189		1832		399032		1808
190		1843		401096		1820
191		1869		403162		1813
192		1841		405255		1797
193		1821		407379		1797
194		1834		409466		1816
195		1837		411546		1804
196		1824		413669		1799
197		1777		415746		1794
198		1804		417844		1797
199		1859		419918		1811
200		1829		422028		1810
201		1830		424122		1790
202		1825		426221		1798
203		1845		428298		1807
204		1784		430372		1787
205		1793		432439		1794
206		1773		434509		1795
207		1781		436619		1793
208		1765		438694		1785
209		1744		440760		1797
210		1753		442834		1804
211		1759		444876		1789
212		1734		446982		1789
213		1732		449043		1778
214		1712		451094		1763
215		1791		453159		1776
216		1746		455256		1782
217		1747		457322		1803
218		1759		459413		1797
219		1763		461501		1795
220		1754		463559		1794
221		1768		465667		1812
222		1755		467733		1813
223		1727		469786		1806
224		1743		471862		1811
225		1731		473911		1808
226		1730		475974		1783
227		1723		478041		1794
228		1714		480084		1798
229		1722		482129		1785
230		1729		484201		1790
231		1734		486275		1792
232		1729		488330		1774
233		1760		490366		1795
234		1789		492450		1783
235		1784		494497		1787
236		1746		496557		1781
237		1719		498606		1790
238		1751		500667		1799
239		1720		502744		1782
240		1731		504831		1789
241		1742		506901		1790
242		1737		508977		1796
243		1693		511011		1786
244		1744		513103		1792
245		1730		515209		1796
246		1754		517259		1786
247		1751		519327		1776
248		1761		521403		1789
249		1779		523477		1804
250		1767		525579		1821
251		1725		527638		1823
252		1704		529689		1827
253		1750		531782		1815
254		1715		533835		1824
255		1734		535929		1819
256		1781		538030		1805
257		1776		540114		1804
258		1740		542195		1782
259		1778		544241		1797
260		1790		546310		1796
261		1775		548408		1808
262		1762		550484		1813
263		1740		552566		1809
264		1750		554674		1807
265		1727		556747		1823
266		1708		558785		1810
267		1721		560849		1812
268		1712		562923		1799
269		1726		565000		1801
270		1705		567061		1802
271		1708		569135		1803
272		1702		571182		1808
273		1752		573241		1810
274		1742		575284		1823
275		1759		577363		1808
276		1767		579463		1810
277		1767		581515		1804
278		1795		583582		1798
279		1781		585661		1787
280		1788		587754		1807
281		1779		589830		1811
282		1753		591901		1818
283		1783		594015		1798
284		1794		596108		1810
285		1783		598213		1815
286		1766		600280		1822
287		1746		602392		1807
288		1762		604477		1801
289		1808		606607		1811
290		1798		608687		1804
291		1807		610740		1794
292		1789		612771		1814
293		1797		614864		1792
294		1795		616945		1792
295		1767		618999		1796
296		1782		621095		1806
297		1789		623181		1813
298		1802		625258		1808
299		1812		627327		1793
300		1808		629423		1810
301		1825		631518		1803
302		1784		633623		1804
303		1843		635710		1799
304		1824		637811		1788
305		1814		639930		1818
306		1764		642031		1802
307		1758		644094		1802
308		1757		646212		1791
309		1779		648298		1802
310		1765		650350		1814
311		1787		652382		1819
312		1759		654438		1815
313		1800		656544		1815
314		1798		658627		1815
315		1779		660705		1825
316		1768		662779		1798
317		1784		664856		1807
318		1778		666944		1789
319		1768		669018		1794
320		1780		671148		1775
321		1791		673228		1817
322		1814		675291		1819
323		1837		677361		1798
324		1783		679458		1810
325		1793		681533		1789
326		1757		683602		1803
327		1768		685676		1805
328		1745		687735		1806
329		1730		689807		1811
330		1713		691878		1812
331		1694		693941		1814
332		1732		696020		1814
333		1729		698111		1810
334		1720		700173		1803
335		1719		702236		1818
336		1729		704287		1811
337		1725		706381		1815
338		1713		708458		1805
339		1683		710531		1796
340		1690		712607		1804
341		1674		714657		1803
342		1674		716747		1789
343		1671		718807		1806
344		1684		720868		1803
345		1671		722934		1820
346		1740		725021		1815
347		1701		727067		1823
348		1690		729094		1798
349		1659		731139		1805
350		1653		733183		1800
351		1687		735250		1826
352		1690		737309		1828
353		1703		739352		1817
354		1670		741380		1812
355		1687		743438		1811
356		1702		745514		1803
357		1669		747579		1797
358		1684		749627		1811
359		1669		751705		1810
360		1699		753769		1807
361		1675		755838		1811
362		1667		757880		1806
363		1676		759936		1818
364		1683		762006		1803
365		1689		764072		1810
366		1707		766146		1794
367		1691		768206		1803
368		1712		770294		1800
369		1714		772359		1817
370		1700		774415		1818
371		1708		776468		1797
372		1702		778514		1812
373		1703		780574		1805
374		1703		782620		1808
375		1702		784675		1801
376		1669		786760		1827
377		1681		788791		1816
378		1701		790861		1816
379		1714		792945		1825
380		1727		795053		1817
381		1699		797108		1802
382		1729		799162		1801
383		1690		801216		1804
384		1700		803307		1797
385		1703		805361		1817
386		1710		807417		1793
387		1653		809466		1809
388		1689		811561		1821
389		1682		813628		1815
390		1691		815710		1815
391		1710		817775		1811
392		1709		819826		1831
393		1691		821916		1843
394		1693		823964		1818
395		1716		826031		1821
396		1692		828091		1816
397		1682		830152		1819
398		1693		832210		1809
399		1655		834256		1807
400		1658		836297		1804
401		1648		838333		1796
402		1661		840382		1812
403		1659		842428		1816
404		1643		844463		1830
405		1637		846545		1812
406		1641		848619		1811
407		1644		850664		1799
408		1653		852689		1802
409		1625		854714		1795
410		1611		856792		1791
411		1627		858848		1805
412		1638		860925		1802
413		1656		862957		1801
414		1645		865005		1786
415		1653		867048		1787
416		1615		869091		1791
417		1620		871157		1798
418		1651		873201		1803
419		1641		875247		1811
420		1654		877337		1815
421		1659		879409		1815
422		1662		881480		1815
423		1676		883540		1802
424		1693		885594		1817
425		1661		887643		1801
426		1690		889673		1828
427		1714		891737		1807
428		1686		893797		1810
429		1672		895825		1815
430		1657		897884		1813
431		1660		899935		1815
432		1692		901996		1797
433		1707		904049		1803
434		1653		906113		1819
435		1652		908147		1801
436		1639		910201		1797
437		1635		912248		1789
438		1653		914300		1784
439		1679		916349		1819
440		1668		918419		1823
441		1687		920511		1818
442		1679		922572		1820
443		1657		924642		1827
444		1657		926702		1819
445		1679		928738		1798
446		1687		930818		1810
447		1678		932875		1809
448		1643		934934		1809
449		1645		936997		1816
450		1647		939048		1815
451		1631		941073		1815
452		1639		943121		1810
453		1660		945167		1824
454		1682		947223		1823
455		1680		949276		1833
456		1659		951340		1815
457		1649		953398		1816
458		1645		955462		1817
459		1650		957521		1803
460		1639		959573		1814
461		1670		961648		1809
462		1658		963707		1818
463		1661		965760		1802
464		1687		967828		1806
465		1687		969878		1797
466		1669		971950		1810
467		1661		974014		1810
468		1653		976076		1818
469		1698		978133		1819
470		1661		980221		1817
471		1645		982261		1803
472		1675		984318		1807
473		1665		986390		1803
474		1649		988451		1801
475		1659		990517		1821
476		1640		992578		1813
477		1636		994614		1811
478		1648		996668		1807
479		1671		998709		1800
480		1633		1000742		1800
481		1634		1002785		1807
482		1653		1004860		1818
483		1634		1006910		1811
484		1639		1008990		1814
485		1628		1011055		1813
486		1632		1013086		1812
487		1628		1015169		1808
488		1643		1017219		1786
489		1653		1019289		1813
490		1621		1021362		1810
491		1628		1023403		1817
492		1615		1025452		1824
493		1642		1027492		1821
494		1641		1029568		1814
495		1628		1031626		1814
496		1617		1033697		1806
497		1640		1035736		1817
498		1617		1037765		1819
499		1619		1039809		1822
500		1596		1041848		1819
501		1604		1043874		1804
502		1549		1045890		1807
503		1543		1047913		1799
504		1537		1049916		1806
505		1557		1051917		1813
506		1538		1053905		1809
507		1531		1055930		1813
508		1528		1057948		1816
509		1522		1059947		1822
510		1506		1061936		1805
511		1506		1063944		1803
512		1496		1065956		1798
513		1508		1067951		1799
514		1514		1069960		1802
515		1506		1071949		1806
516		1511		1073933		1800
517		1535		1075918		1803
518		1537		1077901		1802
519		1513		1079911		1782
520		1537		1081895		1785
521		1537		1083860		1783
522		1525		1085882		1794
523		1521		1087898		1803
524		1521		1089914		1808
525		1513		1091916		1812
526		1523		1093888		1815
527		1501		1095901		1820
528		1518		1097910		1814
529		1526		1099905		1812
530		1539		1101932		1816
531		1537		1103941		1818
532		1531		1105927		1832
533		1533		1107949		1826
534		1553		1109950		1821
535		1542		1111992		1816
536		1525		1113974		1828
537		1546		1116001		1813
538		1541		1117991		1816
539		1521		1120003		1812
540		1522		1122020		1808
541		1523		1124001		1812
542		1517		1126015		1819
543		1498		1128022		1817
544		1540		1130038		1813
545		1551		1132048		1816
546		1525		1134050		1816
547		1524		1136049		1810
548		1548		1138049		1818
549		1522		1140056		1817
550		1508		1142079		1807
551		1497		1144055		1808
552		1505		1146053		1805
553		1518		1148047		1798
554		1536		1150073		1788
555		1526		1152074		1793
556		1530		1154098		1786
557		1508		1156118		1794
558		1496		1158108		1795
559		1519		1160104		1799
560		1509		1162124		1802
561		1498		1164108		1796
562		1492		1166081		1800
563		1496		1168064		1814
564		1489		1170057		1817
565		1489		1172056		1818
566		1496		1174055		1816
567		1487		1176071		1805
568		1489		1178084		1804
569		1510		1180058		1812
570		1523		1182073		1811
571		1522		1184065		1811
572		1529		1186090		1813
573		1519		1188086		1815
574		1510		1190094		1799
575		1511		1192053		1801
576		1523		1194041		1807
577		1516		1196050		1799
578		1520		1198047		1799
579		1530		1200071		1799
580		1507		1202083		1799
581		1491		1204074		1796
582		1480		1206087		1807
583		1479		1208109		1804
584		1490		1210097		1804
585		1489		1212106		1792
586		1472		1214088		1788
587		1484		1216082		1790
588		1494		1218064		1799
589		1489		1220064		1798
590		1500		1222072		1798
591		1497		1224091		1796
592		1491		1226084		1808
593		1494		1228051		1806
594		1483		1230051		1801
595		1498		1232018		1813
596		1492		1234037		1807
597		1497		1236043		1804
598		1492		1238028		1805
599		1501		1240062		1784
600		1505		1242050		1793
601		1503		1244046		1791
602		1507		1246033		1793
603		1506		1248040		1799
604		1511		1250061		1804
605		1504		1252033		1795
606		1511		1254016		1788
607		1504		1256079		1792
608		1490		1258095		1791
609		1484		1260083		1791
610		1490		1262109		1796
611		1500		1264107		1806
612		1499		1266144		1799
613		1492		1268112		1795
614		1493		1270112		1802
615		1498		1272141		1815
616		1500		1274145		1807
617		1502		1276154		1806
618		1500		1278147		1806
619		1500		1280170		1802
620		1510		1282132		1801
621		1512		1284118		1801
622		1528		1286120		1813
623		1506		1288103		1814
624		1504		1290091		1816
625		1508		1292056		1813
626		1492		1294060		1815
627		1502		1296037		1804
628		1485		1298027		1807
629		1495		1300027		1803
630		1493		1302007		1797
631		1496		1304042		1802
632		1482		1306025		1804
633		1469		1308027		1809
634		1471		1310037		1818
635		1464		1311992		1815
636		1482		1313984		1819
637		1469		1315956		1810
638		1475		1317927		1804
639		1483		1319935		1803
640		1468		1321926		1795
641		1474		1323890		1782
642		1485		1325890		1800
643		1484		1327898		1795
644		1503		1329898		1793
645		1497		1331906		1808
646		1496		1333900		1807
647		1503		1335896		1804
648		1515		1337909		1810
649		1510		1339909		1813
650		1500		1341929		1810
651		1504		1343943		1809
652		1494		1345907		1813
653		1501		1347898		1807
654		1505		1349893		1804
655		1502		1351881		1814
656		1489		1353893		1810
657		1499		1355883		1804
658		1488		1357890		1799
659		1487		1359891		1799
660		1485		1361843		1801
661		1488		1363838		1792
662		1490		1365808		1797
663		1496		1367800		1798
664		1499		1369799		1805
665		1504		1371765		1808
666		1516		1373769		1810
667		1497		1375761		1797
668		1478		1377781		1803
669		1475		1379772		1809
670		1477		1381776		1800
671		1472		1383761		1798
672		1469		1385750		1798
673		1472		1387743		1810
674		1467		1389715		1812
675		1459		1391688		1814
676		1449		1393697		1802
677		1449		1395674		1814
678		1458		1397653		1816
679		1463		1399616		1817
680		1469		1401554		1814
681		1456		1403543		1805
682		1459		1405513		1806
683		1457		1407504		1802
684		1457		1409501		1807
685		1452		1411503		1810
686		1454		1413499		1800
687		1455		1415485		1805
688		1449		1417447		1799
689		1461		1419446		1798
690		1459		1421430		1797
691		1448		1423434		1809
692		1450		1425455		1808
693		1459		1427447		1800
694		1461		1429432		1801
695		1459		1431421		1792
696		1465		1433401		1795
697		1470		1435419		1791
698		1459		1437413		1791
699		1476		1439426		1790
700		1461		1441406		1796
701		1463		1443368		1792
702		1453		1445357		1806
703		1453		1447360		1802
704		1451		1449367		1797
705		1451		1451355		1793
706		1436		1453343		1800
707		1425		1455336		1802
708		1430		1457293		1800
709		1430		1459279		1796
710		1428		1461268		1794
711		1438		1463259		1802
712		1446		1465209		1799
713		1448		1467200		1803
714		1442		1469190		1798
715		1427		1471186		1803
716		1427		1473159		1806
717		1444		1475137		1801
718		1436		1477126		1792
719		1425		1479097		1789
720		1435		1481058		1796
721		1425		1483032		1785
722		1421		1485001		1782
723		1418		1486981		1788
724		1416		1488985		1783
725		1409		1490970		1792
726		1417		1492964		1793
727		1412		1494962		1784
728		1426		1496923		1794
729		1426		1498895		1797
730		1419		1500918		1799
731		1421		1502897		1798
732		1421		1504906		1788
733		1415		1506899		1793
734		1422		1508876		1787
735		1419		1510866		1790
736		1411		1512863		1798
737		1407		1514872		1789
738		1408		1516866		1782
739		1404		1518860		1790
740		1405		1520824		1790
741		1410		1522819		1793
742		1415		1524815		1790
743		1415		1526812		1802
744		1415		1528752		1800
745		1411		1530761		1805
746		1416		1532696		1801
747		1413		1534683		1807
748		1416		1536673		1801
749		1411		1538643		1805
750		1407		1540622		1813
751		1397		1542565		1814
752		1395		1544551		1812
753		1394		1546497		1809
754		1396		1548464		1809
755		1401		1550433		1809
756		1394		1552424		1809
757		1392		1554384		1809
758		1399		1556349		1806
759		1391		1558309		1804
760		1392		1560308		1807
761		1392		1562282		1803
762		1396		1564233		1803
763		1396		1566251		1804
764		1391		1568224		1813
765		1390		1570196		1814
766		1388		1572161		1810
767		1389		1574129		1809
768		1389		1576085		1804
769		1397		1578035		1803
770		1390		1580009		1808
771		1391		1581990		1805
772		1395		1583959		1807
773		1404		1585938		1803
774		1396		1587912		1795
775		1392		1589900		1792
776		1389		1591864		1796
777		1390		1593804		1793
778		1404		1595770		1791
779		1409		1597806		1793
780		1410		1599776		1792
781		1406		1601780		1792
782		1404		1603752		1794
783		1397		1605724		1795
784		1404		1607687		1791
785		1398		1609623		1801
786		1401		1611589		1792
787		1401		1613559		1794
788		1404		1615521		1795
789		1397		1617513		1793
790		1391		1619480		1801
791		1400		1621460		1804
792		1391		1623449		1811
793		1393		1625382		1814
794		1393		1627353		1809
795		1397		1629305		1808
796		1399		1631259		1811
797		1400		1633243		1807
798		1406		1635216		1808
799		1394		1637187		1799
800		1402		1639171		1800
801		1408		1641138		1802
802		1404		1643112		1812
803		1400		1645048		1813
804		1406		1647029		1816
805		1406		1649010		1812
806		1409		1650980		1813
807		1405		1652965		1812
808		1402		1654949		1815
809		1407		1656939		1821
810		1411		1658959		1812
811		1406		1660915		1815
812		1403		1662914		1816
813		1405		1664891		1814
814		1405		1666845		1812
815		1407		1668813		1805
816		1403		1670796		1798
817		1400		1672800		1810
818		1396		1674760		1812
819		1396		1676719		1810
820		1405		1678702		1807
821		1405		1680706		1807
822		1403		1682685		1815
823		1397		1684619		1816
824		1393		1686621		1818
825		1391		1688607		1815
826		1400		1690572		1818
827		1397		1692546		1818
828		1399		1694532		1823
829		1405		1696518		1826
830		1419		1698495		1826
831		1424		1700440		1819
832		1413		1702396		1819
833		1412		1704364		1813
834		1406		1706373		1816
835		1412		1708345		1809
836		1409		1710318		1809
837		1405		1712301		1804
838		1411		1714237		1806
839		1404		1716174		1806
840		1406		1718142		1807
841		1410		1720147		1806
842		1407		1722152		1813
843		1401		1724136		1806
844		1402		1726116		1805
845		1398		1728045		1802
846		1394		1730042		1805
847		1388		1732022		1803
848		1389		1733962		1803
849		1387		1735965		1804
850		1387		1737962		1803
851		1386		1739968		1801
852		1385		1741944		1807
853		1388		1743929		1812
854		1385		1745925		1813
855		1384		1747924		1808
856		1381		1749859		1806
857		1381		1751810		1807
858		1381		1753792		1807
859		1382		1755766		1805
860		1383		1757768		1801
861		1387		1759763		1797
862		1381		1761741		1802
863		1381		1763722		1803
864		1380		1765687		1801
865		1380		1767639		1800
866		1377		1769638		1799
867		1376		1771635		1796
868		1377		1773597		1797
869		1375		1775580		1796
870		1372		1777551		1794
871		1371		1779542		1801
872		1371		1781491		1800
873		1369		1783472		1804
874		1368		1785477		1804
875		1368		1787449		1800
876		1367		1789434		1801
877		1366		1791389		1801
878		1366		1793345		1801
879		1366		1795329		1800
880		1365		1797318		1798
881		1364		1799302		1798
882		1363		1801236		1796
883		1363		1803202		1798
884		1363		1805153		1795
885		1362		1807124		1794
886		1361		1809065		1794
887		1361		1811084		1793
888		1362		1813044		1792
889		1362		1815007		1793
890		1362		1817004		1798
891		1362		1818967		1796
892		1364		1820927		1798
893		1363		1822894		1799
894		1363		1824875		1799
895		1363		1826839		1800
896		1363		1828829		1797
897		1363		1830813		1800
898		1364		1832792		1802
899		1367		1834749		1801
900		1364		1836714		1799
901		1363		1838693		1797
902		1365		1840641		1799
903		1367		1842613		1804
904		1368		1844579		1804
905		1368		1846556		1800
906		1369		1848523		1798
907		1367		1850481		1799
908		1367		1852440		1797
909		1367		1854401		1799
910		1368		1856409		1801
911		1367		1858369		1802
912		1366		1860338		1804
913		1366		1862296		1805
914		1366		1864266		1804
915		1366		1866234		1801
916		1366		1868212		1802
917		1367		1870194		1800
918		1365		1872171		1800
919		1365		1874173		1798
920		1365		1876137		1798
921		1366		1878111		1801
922		1366		1880109		1801
923		1367		1882081		1803
924		1367		1884060		1803
925		1367		1886053		1804
926		1369		1888043		1805
927		1367		1890044		1797
928		1367		1892005		1802
929		1366		1894017		1806
930		1367		1896005		1807
931		1366		1898001		1805
932		1365		1899973		1798
933		1366		1901933		1801
934		1365		1903877		1801
935		1367		1905840		1799
936		1368		1907814		1803
937		1367		1909773		1803
938		1367		1911747		1804
939		1368		1913708		1804
940		1368		1915682		1806
941		1369		1917652		1806
942		1369		1919616		1802
943		1367		1921579		1806
944		1366		1923542		1808
945		1365		1925495		1805
946		1367		1927490		1801
947		1367		1929452		1798
948		1367		1931427		1798
949		1367		1933396		1804
950		1365		1935378		1805
951		1365		1937340		1803
952		1365		1939294		1803
953		1364		1941236		1803
954		1363		1943176		1800
955		1363		1945162		1801
956		1363		1947103		1800
957		1363		1949099		1799
958		1363		1951059		1797
959		1363		1953034		1801
960		1363		1954974		1799
961		1363		1956939		1800
962		1363		1958920		1806
963		1363		1960876		1805
964		1362		1962841		1803
965		1362		1964795		1804
966		1363		1966793		1806
967		1363		1968752		1806
968		1363		1970715		1808
969		1363		1972677		1813
970		1362		1974658		1812
971		1362		1976639		1806
972		1361		1978617		1807
973		1361		1980577		1804
974		1361		1982574		1807
975		1361		1984546		1804
976		1360		1986493		1803
977		1359		1988477		1801
978		1359		1990437		1801
979		1359		1992435		1801
980		1359		1994389		1804
981		1359		1996333		1805
982		1359		1998268		1805
983		1358		2000202		1805
984		1358		2002214		1804
985		1358		2004171		1805
986		1357		2006126		1803
987		1357		2008093		1803
988		1357		2010043		1804
989		1357		2012016		1804
990		1358		2013985		1802
991		1358		2015959		1803
992		1358		2017950		1801
993		1358		2019943		1800
994		1358		2021914		1802
995		1358		2023911		1802
996		1357		2025891		1800
997		1357		2027887		1796
998		1357		2029857		1795
999		1356		2031842		1795
1000		1435		2033849		1799
1001		1526		2035872		1804
1002		1573		2037920		1806
1003		1618		2039974		1822
1004		1674		2042000		1807
1005		1639		2044055		1784
1006		1689		2046110		1784
1007		1715		2048179		1795
1008		1679		2050239		1793
1009		1713		2052330		1798
1010		1707		2054405		1787
1011		1695		2056468		1799
1012		1737		2058556		1797
1013		1723		2060635		1815
1014		1725		2062716		1798
1015		1796		2064805		1787
1016		1786		2066884		1803
1017		1752		2068976		1800
1018		1771		2071074		1815
1019		1764		2073141		1821
1020		1802		2075227		1834
1021		1844		2077328		1829
1022		1773		2079421		1816
1023		1792		2081526		1803
1024		1776		2083627		1814
1025		1797		2085721		1809
1026		1815		2087781		1809
1027		1797		2089856		1801
1028		1765		2091955		1806
1029		1744		2093996		1819
1030		1728		2096084		1811
1031		1782		2098158		1805
1032		1788		2100223		1811
1033		1779		2102294		1813
1034		1769		2104360		1808
1035		1794		2106461		1825
1036		1819		2108544		1804
1037		1817		2110610		1787
1038		1831		2112704		1792
1039		1779		2114804		1789
1040		1823		2116916		1792
1041		1787		2119008		1805
1042		1755		2121074		1819
1043		1770		2123131		1818
1044		1782		2125217		1798
1045		1824		2127295		1793
1046		1823		2129396		1783
1047		1823		2131470		1787
1048		1822		2133555		1803
1049		1808		2135634		1796
1050		1797		2137741		1799
1051		1800		2139839		1790
1052		1802		2141907		1794
1053		1824		2144001		1799
1054		1810		2146067		1808
1055		1816		2148184		1810
1056		1838		2150281		1811
1057		1855		2152350		1800
1058		1866		2154442		1795
1059		1842		2156539		1802
1060		1857		2158639		1782
1061		1872		2160745		1783
1062		1849		2162832		1791
1063		1803		2164933		1787
1064		1768		2167026		1785
1065		1802		2169101		1789
1066		1847		2171191		1816
1067		1826		2173284		1814
1068		1879		2175383		1807
1069		1859		2177456		1801
1070		1862		2179547		1791
1071		1888		2181640		1805
1072		1880		2183752		1795
1073		1834		2185844		1802
1074		1865		2187927		1790
1075		1891		2190045		1789
1076		1890		2192119		1793
1077		1871		2194233		1798
1078		1802		2196327		1783
1079		1853		2198388		1788
1080		1854		2200473		1802
1081		1909		2202588		1810
1082		1863		2204692		1804
1083		1892		2206784		1804
1084		1849		2208894		1787
1085		1867		2210978		1795
1086		1865		2213097		1801
1087		1887		2215204		1802
1088		1842		2217315		1823
1089		1855		2219408		1817
1090		1864		2221506		1775
1091		1830		2223598		1797
1092		1837		2225701		1795
1093		1877		2227808		1792
1094		1854		2229906		1776
1095		1827		2232011		1808
1096		1757		2234105		1788
1097		1788		2236203		1803
1098		1821		2238308		1810
1099		1850		2240413		1768
1100		1866		2242474		1765
1101		1880		2244530		1775
1102		1877		2246615		1781
1103		1800		2248725		1779
1104		1822		2250805		1766
1105		1826		2252868		1782
1106		1800		2254959		1786
1107		1771		2257045		1790
1108		1807		2259144		1796
1109		1811		2261270		1805
1110		1795		2263354		1796
1111		1864		2265444		1798
1112		1855		2267511		1787
1113		1842		2269617		1781
1114		1829		2271710		1781
1115		1816		2273789		1782
1116		1882		2275858		1787
1117		1854		2277969		1769
1118		1833		2280047		1780
1119		1887		2282130		1779
1120		1885		2284239		1780
1121		1867		2286352		1801
1122		1836		2288458		1793
1123		1891		2290542		1798
1124		1836		2292614		1809
1125		1825		2294691		1797
1126		1849		2296770		1799
1127		1847		2298843		1800
1128		1860		2300931		1803
1129		1914		2303035		1785
1130		1847		2305142		1803
1131		1855		2307233		1802
1132		1820		2309346		1828
1133		1796		2311440		1804
1134		1821		2313507		1803
1135		1801		2315608		1804
1136		1833		2317664		1816
1137		1831		2319752		1800
1138		1856		2321873		1795
1139		1855		2323996		1812
1140		1865		2326100		1828
1141		1849		2328196		1817
1142		1861		2330278		1811
1143		1827		2332348		1812
1144		1812		2334428		1817
1145		1809		2336538		1808
1146		1808		2338627		1794
1147		1808		2340723		1810
1148		1828		2342817		1840
1149		1836		2344888		1831
1150		1840		2347010		1827
1151		1826		2349085		1811
1152		1792		2351161		1799
1153		1798		2353265		1801
1154		1817		2355340		1787
1155		1827		2357433		1802
1156		1810		2359497		1801
1157		1811		2361576		1805
1158		1800		2363684		1789
1159		1792		2365781		1795
1160		1803		2367869		1797
1161		1826		2369943		1808
1162		1801		2372045		1794
1163		1775		2374114		1783
1164		1814		2376205		1782
1165		1829		2378285		1771
1166		1812		2380358		1785
1167		1800		2382447		1786
1168		1816		2384552		1787
1169		1833		2386645		1786
1170		1788		2388753		1790
1171		1808		2390851		1805
1172		1825		2392902		1765
1173		1823		2394991		1796
1174		1815		2397085		1796
1175		1814		2399170		1811
1176		1780		2401264		1789
1177		1756		2403357		1792
1178		1796		2405435		1800
1179		1803		2407538		1811
1180		1809		2409612		1793
1181		1774		2411696		1802
1182		1827		2413786		1806
1183		1772		2415849		1782
1184		1776		2417948		1798
1185		1758		2420026		1801
1186		1807		2422108		1795
1187		1805		2424187		1785
1188		1812		2426309		1788
1189		1822		2428404		1796
1190		1777		2430492		1793
1191		1759		2432539		1786
1192		1765		2434615		1786
1193		1752		2436663		1776
1194		1750		2438727		1796
1195		1749		2440806		1794
1196		1757		2442891		1790
1197		1761		2444981		1813
1198		1738		2447045		1815
1199		1724		2449119		1821
1200		1733		2451204		1832
1201		1775		2453274		1804
1202		1747		2455346		1802
1203		1737		2457420		1807
1204		1734		2459518		1809
1205		1768		2461600		1799
1206		1765		2463668		1791
1207		1778		2465739		1790
1208		1797		2467812		1797
1209		1814		2469908		1802
1210		1805		2471971		1782
1211		1824		2474022		1782
1212		1793		2476104		1784
1213		1832		2478191		1777
1214		1796		2480280		1790
1215		1781		2482382		1787
1216		1787		2484462		1786
1217		1797		2486536		1809
1218		1786		2488636		1817
1219		1770		2490682		1814
1220		1794		2492775		1813
1221		1777		2494861		1814
1222		1791		2496973		1800
1223		1775		2499074		1777
1224		1738		2501133		1785
1225		1754		2503185		1778
1226		1776		2505220		1802
1227		1768		2507280		1784
1228		1819		2509373		1785
1229		1840		2511443		1797
1230		1824		2513516		1778
1231		1843		2515608		1780
1232		1801		2517682		1797
1233		1832		2519767		1775
1234		1859		2521851		1787
1235		1850		2523915		1792
1236		1752		2525996		1783
1237		1760		2528103		1796
1238		1776		2530188		1817
1239		1753		2532282		1817
1240		1747		2534366		1814
1241		1738		2536434		1799
1242		1761		2538510		1798
1243		1760		2540567		1812
1244		1776		2542597		1824
1245		1784		2544676		1791
1246		1792		2546740		1810
1247		1787		2548840		1808
1248		1782		2550956		1801
1249		1781		2553048		1789
1250		1800		2555145		1786
1251		1803		2557188		1805
1252		1784		2559245		1796
1253		1783		2561330		1797
1254		1794		2563403		1816
1255		1787		2565456		1817
1256		1812		2567549		1803
1257		1813		2569643		1808
1258		1785		2571755		1786
1259		1788		2573834		1788
1260		1742		2575921		1786
1261		1743		2577988		1806
1262		1746		2580071		1805
1263		1745		2582149		1803
1264		1741		2584239		1813
1265		1713		2586356		1816
1266		1688		2588443		1807
1267		1732		2590546		1806
1268		1745		2592624		1784
1269		1751		2594706		1757
1270		1747		2596784		1796
1271		1723		2598878		1801
1272		1758		2600969		1786
1273		1717		2603054		1791
1274		1729		2605124		1801
1275		1713		2607186		1788
1276		1735		2609270		1801
1277		1736		2611354		1808
1278		1744		2613425		1805
1279		1757		2615518		1799
1280		1739		2617617		1800
1281		1714		2619679		1794
1282		1751		2621725		1818
1283		1748		2623801		1813
1284		1750		2625886		1825
1285		1730		2627958		1809
1286		1714		2630044		1799
1287		1724		2632089		1785
1288		1755		2634173		1799
1289		1743		2636237		1789
1290		1782		2638287		1806
1291		1791		2640392		1812
1292		1768		2642483		1824
1293		1769		2644550		1803
1294		1751		2646619		1803
1295		1779		2648691		1801
1296		1757		2650756		1786
1297		1771		2652827		1771
1298		1716		2654904		1770
1299		1703		2656965		1787
1300		1702		2659030		1800
1301		1665		2661084		1803
1302		1674		2663146		1802
1303		1691		2665207		1791
1304		1660		2667269		1778
1305		1660		2669351		1792
1306		1689		2671403		1796
1307		1679		2673464		1800
1308		1706		2675525		1794
1309		1699		2677595		1806
1310		1708		2679662		1803
1311		1723		2681718		1817
1312		1719		2683825		1801
1313		1700		2685899		1803
1314		1716		2687961		1795
1315		1730		2690017		1786
1316		1735		2692099		1799
1317		1727		2694162		1794
1318		1730		2696227		1791
1319		1713		2698302		1788
1320		1713		2700377		1789
1321		1706		2702430		1781
1322		1703		2704491		1796
1323		1720		2706550		1795
1324		1712		2708593		1786
1325		1687		2710674		1786
1326		1688		2712748		1804
1327		1689		2714802		1801
1328		1713		2716854		1806
1329		1720		2718921		1817
1330		1732		2721007		1812
1331		1744		2723064		1804
1332		1741		2725134		1798
1333		1728		2727191		1794
1334		1696		2729254		1792
1335		1698		2731298		1800
1336		1695		2733386		1804
1337		1712		2735449		1792
1338		1720		2737547		1782
1339		1671		2739589		1793
1340		1679		2741663		1798
1341		1696		2743715		1803
1342		1708		2745804		1806
1343		1673		2747839		1787
1344		1727		2749911		1802
1345		1714		2751976		1793
1346		1700		2754035		1785
1347		1715		2756091		1793
1348		1734		2758173		1791
1349		1716		2760249		1796
1350		1709		2762315		1793
1351		1682		2764363		1793
1352		1678		2766416		1818
1353		1676		2768492		1817
1354		1696		2770537		1816
1355		1732		2772574		1820
1356		1698		2774650		1821
1357		1668		2776763		1825
1358		1677		2778813		1838
1359		1718		2780857		1819
1360		1665		2782909		1808
1361		1657		2784965		1802
1362		1688		2787040		1805
1363		1661		2789087		1805
1364		1664		2791142		1803
1365		1676		2793194		1797
1366		1630		2795238		1810
1367		1716		2797293		1816
1368		1726		2799334		1825
1369		1723		2801410		1819
1370		1705		2803481		1821
1371		1704		2805543		1812
1372		1656		2807628		1795
1373		1681		2809657		1806
1374		1708		2811688		1811
1375		1688		2813728		1813
1376		1726		2815794		1794
1377		1704		2817871		1809
1378		1692		2819926		1800
1379		1686		2821978		1805
1380		1679		2824039		1807
1381		1666		2826125		1814
1382		1644		2828209		1788
1383		1690		2830293		1781
1384		1681		2832355		1797
1385		1725		2834441		1806
1386		1699		2836487		1806
1387		1679		2838582		1796
1388		1672		2840631		1789
1389		1669		2842696		1803
1390		1640		2844720		1811
1391		1680		2846765		1823
1392		1668		2848801		1819
1393		1641		2850857		1827
1394		1644		2852914		1810
1395		1676		2854973		1810
1396		1657		2857037		1789
1397		1688		2859110		1805
1398		1706		2861179		1805
1399		1675		2863248		1799
1400		1697		2865293		1797
1401		1687		2867386		1785
1402		1698		2869441		1790
1403		1676		2871518		1772
1404		1691		2873589		1793
1405		1678		2875634		1788
1406		1665		2877705		1806
1407		1689		2879738		1800
1408		1665		2881795		1793
1409		1660		2883856		1792
1410		1652		2885904		1801
1411		1643		2887947		1788
1412		1633		2889984		1800
1413		1644		2892021		1817
1414		1629		2894076		1813
1415		1646		2896139		1807
1416		1637		2898183		1803
1417		1645		2900243		1806
1418		1626		2902263		1810
1419		1651		2904307		1800
1420		1662		2906383		1808
1421		1700		2908426		1801
1422		1666		2910502		1818
1423		1645		2912524		1810
1424		1643		2914579		1802
1425		1643		2916625		1791
1426		1644		2918685		1796
1427		1663		2920754		1804
1428		1641		2922827		1805
1429		1662		2924903		1788
1430		1653		2926962		1786
1431		1628		2929012		1804
1432		1633		2931063		1798
1433		1656		2933113		1786
1434		1643		2935129		1777
1435		1649		2937195		1786
1436		1687		2939238		1792
1437		1677		2941311		1787
1438		1676		2943376		1789
1439		1704		2945448		1787
1440		1709		2947488		1812
1441		1695		2949573		1802
1442		1671		2951634		1803
1443		1690		2953706		1778
1444		1690		2955783		1784
1445		1705		2957865		1776
1446		1691		2959935		1783
1447		1664		2961989		1774
1448		1677		2964072		1782
1449		1702		2966146		1786
1450		1691		2968225		1799
1451		1663		2970300		1789
1452		1673		2972352		1794
1453		1682		2974427		1794
1454		1687		2976474		1793
1455		1690		2978533		1791
1456		1692		2980603		1807
1457		1697		2982667		1812
1458		1703		2984679		1809
1459		1674		2986739		1795
1460		1680		2988815		1809
1461		1671		2990866		1791
1462		1621		2992913		1796
1463		1667		2994978		1812
1464		1680		2997019		1801
1465		1667		2999095		1807
1466		1661		3001146		1800
1467		1662		3003212		1803
1468		1646		3005284		1797
1469		1656		3007332		1820
1470		1646		3009423		1817
1471		1624		3011490		1812
1472		1655		3013540		1817
1473		1605		3015598		1795
1474		1596		3017634		1802
1475		1626		3019703		1807
1476		1635		3021772		1801
1477		1629		3023842		1802
1478		1657		3025897		1788
1479		1651		3027946		1808
1480		1654		3029990		1804
1481		1657		3032053		1802
1482		1688		3034108		1796
1483		1671		3036142		1793
1484		1640		3038189		1788
1485		1627		3040247		1785
1486		1604		3042308		1778
1487		1624		3044362		1794
1488		1597		3046423		1792
1489		1623		3048456		1783
1490		1630		3050508		1800
1491		1637		3052566		1793
1492		1629		3054600		1797
1493		1632		3056673		1799
1494		1627		3058735		1797
1495		1629		3060780		1782
1496		1615		3062852		1811
1497		1630		3064898		1809
1498		1623		3066912		1790
1499		1585		3068932		1785
1500		1558		3070924		1778
1501		1566		3072910		1784
1502		1544		3074912		1782
1503		1544		3076905		1780
1504		1554		3078910		1784
1505		1544		3080883		1789
1506		1544		3082886		1788
1507		1544		3084892		1793
1508		1552		3086896		1792
1509		1539		3088902		1794
1510		1516		3090891		1791
1511		1514		3092903		1784
1512		1508		3094888		1793
1513		1513		3096883		1799
1514		1509		3098880		1808
1515		1506		3100839		1801
1516		1495		3102845		1803
1517		1491		3104868		1801
1518		1497		3106862		1806
1519		1486		3108868		1792
1520		1483		3110824		1793
1521		1506		3112826		1801
1522		1498		3114795		1796
1523		1504		3116771		1805
1524		1508		3118768		1809
1525		1510		3120771		1811
1526		1506		3122797		1813
1527		1507		3124783		1814
1528		1502		3126789		1800
1529		1504		3128797		1817
1530		1494		3130813		1811
1531		1498		3132805		1808
1532		1482		3134815		1813
1533		1477		3136839		1810
1534		1466		3138849		1820
1535		1470		3140850		1812
1536		1453		3142821		1807
1537		1467		3144830		1815
1538		1478		3146831		1814
1539		1486		3148834		1806
1540		1493		3150792		1796
1541		1481		3152798		1798
1542		1487		3154825		1797
1543		1484		3156766		1808
1544		1484		3158768		1798
1545		1503		3160760		1811
1546		1506		3162745		1801
1547		1509		3164744		1795
1548		1499		3166760		1802
1549		1493		3168755		1804
1550		1488		3170743		1808
1551		1493		3172746		1804
1552		1482		3174721		1808
1553		1490		3176723		1808
1554		1500		3178734		1809
1555		1490		3180731		1808
1556		1491		3182736		1807
1557		1501		3184723		1820
1558		1502		3186749		1821
1559		1504		3188762		1821
1560		1491		3190784		1807
1561		1515		3192795		1802
1562		1489		3194795		1801
1563		1487		3196783		1813
1564		1478		3198777		1800
1565		1460		3200744		1806
1566		1459		3202732		1817
1567		1466		3204735		1808
1568		1477		3206725		1810
1569		1482		3208750		1810
1570		1480		3210762		1807
1571		1470		3212756		1808
1572		1474		3214749		1818
1573		1459		3216760		1811
1574		1454		3218749		1812
1575		1462		3220731		1813
1576		1466		3222707		1810
1577		1455		3224684		1818
1578		1449		3226672		1815
1579		1445		3228638		1817
1580		1450		3230617		1810
1581		1463		3232576		1810
1582		1456		3234569		1807
1583		1453		3236556		1805
1584		1450		3238557		1805
1585		1454		3240546		1818
1586		1455		3242494		1815
1587		1455		3244476		1811
1588		1442		3246453		1804
1589		1444		3248427		1801
1590		1452		3250410		1801
1591		1447		3252375		1811
1592		1445		3254319		1801
1593		1446		3256282		1795
1594		1451		3258299		1798
1595		1442		3260287		1807
1596		1447		3262280		1808
1597		1450		3264241		1808
1598		1451		3266220		1811
1599		1459		3268221		1814
1600		1460		3270220		1810
1601		1448		3272190		1813
1602		1457		3274160		1806
1603		1467		3276163		1812
1604		1470		3278161		1812
1605		1479		3280183		1807
1606		1477		3282160		1815
1607		1484		3284156		1811
1608		1479		3286122		1809
1609		1471		3288095		1808
1610		1454		3290094		1810
1611		1460		3292086		1821
1612		1452		3294094		1814
1613		1457		3296081		1819
1614		1459		3298103		1827
1615		1470		3300114		1814
1616		1456		3302093		1811
1617		1468		3304062		1807
1618		1480		3306043		1811
1619		1476		3308059		1817
1620		1490		3310050		1812
1621		1475		3312059		1805
1622		1476		3314036		1805
1623		1465		3316079		1802
1624		1467		3318050		1808
1625		1461		3320053		1803
1626		1462		3322018		1805
1627		1445		3323988		1807
1628		1453		3325970		1810
1629		1455		3327950		1806
1630		1462		3329933		1804
1631		1463		3331917		1811
1632		1466		3333920		1810
1633		1456		3335936		1812
1634		1465		3337914		1807
1635		1464		3339899		1798
1636		1469		3341918		1798
1637		1468		3343938		1797
1638		1455		3345960		1814
1639		1461		3347943		1807
1640		1481		3349932		1812
1641		1468		3351944		1811
1642		1472		3353910		1812
1643		1456		3355929		1805
1644		1476		3357925		1802
1645		1453		3359918		1804
1646		1455		3361905		1801
1647		1443		3363895		1803
1648		1451		3365906		1803
1649		1447		3367879		1798
1650		1447		3369848		1800
1651		1450		3371846		1797
1652		1446		3373831		1801
1653		1444		3375814		1805
1654		1456		3377770		1803
1655		1458		3379756		1798
1656		1443		3381760		1797
1657		1447		3383749		1791
1658		1441		3385748		1803
1659		1439		3387717		1810
1660		1441		3389704		1807
1661		1447		3391689		1800
1662		1458		3393657		1804
1663		1439		3395632		1801
1664		1446		3397623		1805
1665		1441		3399654		1810
1666		1434		3401638		1807
1667		1421		3403625		1800
1668		1420		3405588		1800
1669		1423		3407556		1802
1670		1417		3409519		1803
1671		1414		3411492		1808
1672		1416		3413469		1804
1673		1419		3415458		1804
1674		1420		3417403		1808
1675		1433		3419385		1809
1676		1434		3421393		1810
1677		1422		3423392		1811
1678		1411		3425369		1808
1679		1415		3427391		1807
1680		1414		3429356		1809
1681		1404		3431331		1806
1682		1403		3433304		1805
1683		1401		3435288		1808
1684		1401		3437269		1804
1685		1403		3439226		1807
1686		1401		3441166		1804
1687		1399		3443182		1799
1688		1401		3445168		1799
1689		1400		3447134		1798
1690		1401		3449112		1799
1691		1401		3451082		1796
1692		1398		3453030		1798
1693		1396		3455025		1795
1694		1394		3457010		1793
1695		1393		3459002		1791
1696		1392		3460982		1795
1697		1391		3462946		1798
1698		1390		3464929		1797
1699		1395		3466926		1796
1700		1406		3468934		1799
1701		1401		3470893		1801
1702		1396		3472852		1797
1703		1406		3474817		1797
1704		1399		3476812		1798
1705		1393		3478803		1803
1706		1394		3480771		1803
1707		1398		3482743		1799
1708		1401		3484712		1805
1709		1407		3486703		1799
1710		1408		3488677		1798
1711		1414		3490658		1794
1712		1410		3492647		1798
1713		1408		3494599		1798
1714		1408		3496611		1800
1715		1405		3498582		1800
1716		1406		3500583		1797
1717		1406		3502529		1798
1718		1409		3504522		1805
1719		1407		3506526		1796
1720		1405		3508501		1799
1721		1402		3510504		1800
1722		1401		3512477		1795
1723		1399		3514481		1794
1724		1399		3516469		1797
1725		1402		3518438		1796
1726		1403		3520390		1800
1727		1402		3522352		1802
1728		1402		3524343		1797
1729		1403		3526334		1796
1730		1402		3528299		1796
1731		1405		3530265		1798
1732		1401		3532256		1794
1733		1399		3534236		1794
1734		1397		3536201		1796
1735		1396		3538205		1799
1736		1394		3540165		1796
1737		1392		3542118		1796
1738		1391		3544075		1795
1739		1391		3546018		1794
1740		1394		3548000		1800
1741		1396		3549972		1796
1742		1392		3551940		1796
1743		1390		3553911		1796
1744		1389		3555878		1798
1745		1389		3557863		1797
1746		1389		3559815		1795
1747		1389		3561779		1789
1748		1391		3563739		1794
1749		1388		3565735		1796
1750		1386		3567710		1792
1751		1385		3569687		1793
1752		1386		3571663		1796
1753		1386		3573618		1798
1754		1384		3575606		1794
1755		1385		3577591		1795
1756		1385		3579566		1805
1757		1386		3581537		1805
1758		1384		3583543		1802
1759		1383		3585478		1796
1760		1386		3587434		1799
1761		1388		3589406		1798
1762		1387		3591373		1797
1763		1388		3593332		1797
1764		1387		3595263		1794
1765		1388		3597223		1795
1766		1389		3599185		1796
1767		1391		3601166		1801
1768		1388		3603147		1801
1769		1391		3605119		1806
1770		1392		3607106		1801
1771		1393		3609057		1794
1772		1390		3611008		1796
1773		1387		3612988		1798
1774		1387		3614958		1798
1775		1387		3616961		1795
1776		1387		3618912		1792
1777		1385		3620868		1788
1778		1386		3622840		1792
1779		1387		3624876		1798
1780		1387		3626854		1800
1781		1387		3628816		1800
1782		1386		3630767		1801
1783		1387		3632739		1806
1784		1386		3634737		1806
1785		1384		3636660		1806
1786		1382		3638657		1814
1787		1381		3640629		1815
1788		1381		3642592		1811
1789		1381		3644559		1812
1790		1382		3646551		1810
1791		1381		3648519		1808
1792		1381		3650464		1806
1793		1380		3652420		1805
1794		1380		3654402		1804
1795		1381		3656354		1803
1796		1381		3658322		1800
1797		1382		3660259		1800
1798		1381		3662247		1803
1799		1380		3664226		1803
1800		1380		3666203		1805
1801		1381		3668148		1803
1802		1381		3670129		1804
1803		1380		3672097		1801
1804		1380		3674064		1798
1805		1380		3676039		1799
1806		1380		3677989		1799
1807		1380		3679964		1805
1808		1379		3681936		1804
1809		1380		3683901		1803
1810		1378		3685923		1803
1811		1378		3687870		1805
1812		1378		3689847		1805
1813		1378		3691860		1804
1814		1379		3693835		1802
1815		1380		3695804		1801
1816		1380		3697788		1800
1817		1379		3699766		1796
1818		1380		3701761		1799
1819		1379		3703749		1798
1820		1379		3705731		1803
1821		1378		3707748		1800
1822		1377		3709729		1804
1823		1377		3711703		1805
1824		1378		3713704		1809
1825		1378		3715689		1806
1826		1378		3717656		1806
1827		1377		3719600		1803
1828		1378		3721576		1801
1829		1376		3723535		1800
1830		1378		3725503		1801
1831		1377		3727452		1803
1832		1376		3729420		1799
1833		1376		3731429		1796
1834		1375		3733398		1803
1835		1374		3735373		1806
1836		1374		3737351		1807
1837		1373		3739316		1804
1838		1373		3741271		1804
1839		1373		3743238		1807
1840		1373		3745228		1808
1841		1373		3747198		1807
1842		1373		3749157		1805
1843		1373		3751130		1806
1844		1373		3753121		1807
1845		1373		3755075		1808
1846		1373		3757020		1811
1847		1373		3758949		1809
1848		1373		3760935		1805
1849		1373		3762921		1806
1850		1373		3764854		1804
1851		1373		3766825		1803
1852		1373		3768778		1802
1853		1373		3770775		1802
1854		1373		3772747		1804
1855		1372		3774728		1803
1856		1372		3776715		1800
1857		1372		3778653		1797
1858		1372		3780588		1797
1859		1372		3782567		1797
1860		1372		3784569		1795
1861		1372		3786554		1798
1862		1372		3788542		1800
1863		1372		3790472		1797
1864		1372		3792431		1799
1865		1372		3794446		1801
1866		1372		3796435		1800
1867		1372		3798367		1800
1868		1372		3800345		1800
1869		1372		3802273		1803
1870		1372		3804233		1804
1871		1372		3806203		1806
1872		1372		3808136		1809
1873		1372		3810099		1809
1874		1372		3812047		1806
1875		1372		3813972		1806
1876		1372		3815968		1805
1877		1372		3817945		1803
1878		1371		3819931		1798
1879		1371		3821921		1799
1880		1371		3823867		1800
1881		1371		3825853		1804
1882		1371		3827803		1803
1883		1371		3829738		1802
1884		1371		3831709		1802
1885		1371		3833681		1802
1886		1371		3835637		1800
1887		1371		3837601		1800
1888		1371		3839555		1801
1889		1372		3841527		1804
1890		1372		3843500		1805
1891		1371		3845418		1806
1892		1371		3847389		1805
1893		1371		3849350		1805
1894		1371		3851294		1805
1895		1371		3853271		1803
1896		1371		3855257		1802
1897		1371		3857232		1802
1898		1371		3859224		1799
1899		1369		3861193		1802
1900		1369		3863168		1800
1901		1369		3865107		1800
1902		1369		3867085		1802
1903		1369		3869038		1803
1904		1369		3871024		1804
1905		1369		3872995		1804
1906		1369		3874960		1804
1907		1369		3876928		1804
1908		1369		3878876		1805
1909		1369		3880865		1803
1910		1369		3882823		1802
1911		1369		3884815		1803
1912		1369		3886770		1804
1913		1369		3888752		1805
1914		1369		3890732		1804
1915		1369		3892682		1805
1916		1369		3894667		1801
1917		1369		3896663		1802
1918		1369		3898592		1802
1919		1369		3900567		1802
1920		1369		3902548		1802
1921		1369		3904511		1801
1922		1369		3906505		1800
1923		1369		3908467		1800
1924		1369		3910443		1800
1925		1369		3912428		1802
1926		1369		3914392		1802
1927		1369		3916368		1800
1928		1370		3918342		1801
1929		1370		3920294		1802
1930		1370		3922252		1798
1931		1370		3924243		1798
1932		1370		3926221		1797
1933		1370		3928212		1797
1934		1370		3930177		1798
1935		1369		3932140		1798
1936		1369		3934134		1800
1937		1369		3936071		1800
1938		1369		3938016		1800
1939		1368		3940009		1801
1940		1368		3941973		1803
1941		1368		3943936		1803
1942		1368		3945889		1803
1943		1368		3947850		1801
1944		1368		3949817		1799
1945		1368		3951783		1798
1946		1368		3953728		1797
1947		1368		3955683		1796
1948		1368		3957675		1796
1949		1368		3959660		1795
1950		1368		3961638		1794
1951		1368		3963629		1794
1952		1368		3965579		1794
1953		1368		3967529		1795
1954		1368		3969499		1794
1955		1368		3971448		1794
1956		1368		3973414		1795
1957		1368		3975381		1793
1958		1368		3977352		1793
1959		1368		3979335		1794
1960		1368		3981297		1794
1961		1368		3983277		1795
1962		1368		3985265		1798
1963		1368		3987259		1797
1964		1368		3989235		1798
1965		1368		3991203		1798
1966		1368		3993204		1798
1967		1367		3995174		1798
1968		1367		3997137		1799
1969		1367		3999103		1798
1970		1368		4001056		1797
1971		1368		4003022		1797
1972		1368		4005005		1797
1973		1368		4006968		1797
1974		1368		4008954		1797
1975		1368		4010936		1797
1976		1368		4012911		1797
1977		1368		4014873		1797
1978		1368		4016859		1797
1979		1367		4018820		1797
1980		1367		4020791		1797
1981		1367		4022747		1797
1982		1367		4024662		1796
1983		1367		4026615		1796
1984		1367		4028582		1795
1985		1367		4030567		1796
1986		1367		4032520		1796
1987		1367		4034490		1796
1988		1367		4036437		1796
1989		1366		4038389		1796
1990		1366		4040387		1796
1991		1366		4042351		1796
1992		1366		4044339		1795
1993		1366		4046275		1796
1994		1366		4048232		1796
1995		1366		4050203		1796
1996		1366		4052141		1796
1997		1366		4054122		1797
1998		1366		4056070		1797
1999		1366		4056070		1797
