# Migration is number of nodes that have changed color.

Round		Edge-Cut		Swaps		Migrations		Skipped
0		589283		63409		46022
1		527743		126154		47430
2		394213		186382		47797
3		313077		244035		47501
4		265578		299972		47636
5		239478		354597		47657
6		224423		408458		47721
7		215735		461863		47612
8		209212		514925		47680
9		204257		567732		47627
10		200510		620491		47597
11		197184		673038		47845
12		195801		725532		47749
13		192428		778000		47610
14		190305		830182		47624
15		188787		882276		47668
16		185578		934437		47674
17		183939		986298		47743
18		184754		1038199		47736
19		183925		1090258		47746
20		184189		1142128		47742
21		184410		1194120		47736
22		183304		1246103		47711
23		183392		1298147		47717
24		183623		1350004		47663
25		183400		1401940		47622
26		184633		1453996		47642
27		183087		1505979		47651
28		183796		1557887		47681
29		182635		1609956		47757
30		182484		1661936		47806
31		183378		1713907		47825
32		183125		1765866		47864
33		182170		1817790		47726
34		179522		1869638		47848
35		176736		1921251		47848
36		174673		1972840		47972
37		174837		2024293		47761
38		173967		2075750		47828
39		173419		2126989		47807
40		173518		2178376		47878
41		172748		2229604		47838
42		171421		2280718		47890
43		171879		2331855		47766
44		170142		2382931		47759
45		170340		2433964		47724
46		170463		2485069		47774
47		168998		2536181		47822
48		170120		2587371		47726
49		169266		2638533		47756
50		169326		2689556		47757
51		169696		2740644		47765
52		169571		2791623		47734
53		168837		2842783		47760
54		169699		2893876		47739
55		169165		2945035		47700
56		168588		2996187		47754
57		169005		3047295		47811
58		169237		3098326		47743
59		169022		3149465		47717
60		168543		3200558		47694
61		168069		3251565		47761
62		167720		3302734		47715
63		168610		3353849		47730
64		168798		3405040		47720
65		168318		3456256		47751
66		168716		3507358		47800
67		168963		3558429		47693
68		167956		3609393		47701
69		168312		3660445		47676
70		168547		3711584		47648
71		168739		3762370		47700
72		168859		3813280		47715
73		168884		3864172		47673
74		168937		3915280		47693
75		167686		3966146		47747
76		168897		4017221		47717
77		168794		4068256		47745
78		169001		4119150		47688
79		168030		4170045		47697
80		167546		4221040		47768
81		167526		4271869		47752
82		168356		4322987		47642
83		167966		4373907		47659
84		167387		4424935		47643
85		167383		4475972		47633
86		167417		4526854		47665
87		167220		4577874		47733
88		167031		4628727		47859
89		166690		4679545		47781
90		167200		4730444		47701
91		166464		4781207		47809
92		167217		4832088		47882
93		167040		4882887		47856
94		166672		4933943		47841
95		166557		4984706		47913
96		166980		5035649		47895
97		167170		5086607		47927
98		167594		5137586		47841
99		166950		5188464		47928
100		166491		5239192		47837
101		166921		5290022		47924
102		166870		5340956		47994
103		166720		5391839		47814
104		167298		5442825		47690
105		166904		5493765		47733
106		166916		5544713		47728
107		166007		5595790		47714
108		166141		5646795		47704
109		167109		5697708		47753
110		166219		5748687		47697
111		166352		5799642		47687
112		166335		5850400		47653
113		166209		5901477		47721
114		165712		5952423		47774
115		166116		6003463		47736
116		166626		6054334		47837
117		166828		6105236		47768
118		165805		6156307		47803
119		165868		6207113		47737
120		165963		6258116		47817
121		165781		6309013		47781
122		165193		6359960		47745
123		165007		6410921		47774
124		166327		6461962		47836
125		165267		6512966		47766
126		163821		6563782		47726
127		164920		6614495		47613
128		163550		6665154		47710
129		164093		6715919		47684
130		164280		6766604		47751
131		164613		6817446		47809
132		164602		6868215		47773
133		164684		6918930		47860
134		164907		6969506		47754
135		164500		7020151		47702
136		164841		7071064		47690
137		164893		7121905		47724
138		163793		7172678		47739
139		163811		7223530		47784
140		164501		7274171		47768
141		165028		7324909		47712
142		164444		7375535		47802
143		163880		7426201		47746
144		163272		7476905		47800
145		163231		7527690		47862
146		163030		7578439		47754
147		163201		7629009		47788
148		162562		7679834		47772
149		162234		7730373		47710
150		162889		7781033		47767
151		163636		7831779		47781
152		163563		7882395		47739
153		163054		7933114		47821
154		163642		7983748		47831
155		162881		8034298		47767
156		162840		8085126		47765
157		162906		8135783		47661
158		162971		8186477		47641
159		163367		8237226		47700
160		162743		8287859		47771
161		162740		8338545		47732
162		162470		8389227		47813
163		162319		8439993		47812
164		161626		8490540		47760
165		162355		8541244		47857
166		162182		8591886		47906
167		162843		8642311		47771
168		162796		8693151		47817
169		162478		8743679		47708
170		162484		8794212		47713
171		161508		8844750		47794
172		162250		8895217		47825
173		162074		8945643		47771
174		162300		8996027		47849
175		161766		9046394		47740
176		161870		9096834		47760
177		162575		9147525		47737
178		162552		9198212		47814
179		161795		9248889		47858
180		162268		9299337		47766
181		161779		9349888		47777
182		161411		9400608		47853
183		161782		9451108		47768
184		161439		9501516		47873
185		161651		9551900		47902
186		161513		9602257		47813
187		161676		9652799		47847
188		161349		9703272		47911
189		161476		9753571		47864
190		161224		9804152		47882
191		161683		9854619		47723
192		160547		9905096		47770
193		160281		9955527		47828
194		160615		10005816		47870
195		161314		10056232		47858
196		161645		10106786		47862
197		160662		10157208		47771
198		160482		10207680		47750
199		160846		10258026		47787
200		160101		10308470		47727
201		160057		10358987		47709
202		159739		10409426		47734
203		159213		10459691		47719
204		160137		10510132		47815
205		159966		10560528		47781
206		159435		10610760		47865
207		158860		10661150		47770
208		159151		10711627		47744
209		158971		10762123		47681
210		159584		10812419		47648
211		159720		10862798		47705
212		159428		10913063		47745
213		159078		10963405		47807
214		158988		11013745		47786
215		159193		11064049		47663
216		158917		11114418		47591
217		159757		11164720		47811
218		158874		11215015		47732
219		158470		11265363		47862
220		158243		11315745		47704
221		158488		11366194		47775
222		158531		11416546		47763
223		158622		11466966		47762
224		158781		11517369		47710
225		158669		11567569		47649
226		158671		11617847		47573
227		159558		11668167		47643
228		159658		11718475		47603
229		158621		11768826		47608
230		159280		11819262		47651
231		159091		11869700		47672
232		158353		11920075		47657
233		157618		11970350		47581
234		157297		12020624		47599
235		157990		12070879		47756
236		158014		12121213		47725
237		158125		12171449		47782
238		158501		12221735		47890
239		158415		12272124		47905
240		157725		12322402		47927
241		158231		12372575		47870
242		157543		12422788		47819
243		157614		12473007		47878
244		157963		12523112		47900
245		157039		12573161		47866
246		157475		12623322		47841
247		157599		12673563		47926
248		158075		12723648		47833
249		157920		12773996		47938
250		157690		12824142		47969
251		157040		12874174		47882
252		156461		12924153		47852
253		156564		12974331		47811
254		157093		13024512		47825
255		156911		13074554		47786
256		156841		13124712		47816
257		156703		13174751		47735
258		155943		13224820		47770
259		155865		13274875		47780
260		156172		13324907		47750
261		155569		13374839		47736
262		155933		13425006		47807
263		156272		13475178		47801
264		155538		13525366		47850
265		154991		13575291		47770
266		155679		13625089		47829
267		156057		13675025		47842
268		155402		13725101		47893
269		155823		13774946		47924
270		155382		13824809		47776
271		156534		13874834		47766
272		156129		13924740		47851
273		155759		13974638		47903
274		156193		14024566		47836
275		155892		14074562		47889
276		155908		14124606		47849
277		156028		14174732		47890
278		155795		14224642		47915
279		155597		14274571		47857
280		154999		14324666		47831
281		154621		14374772		47856
282		155270		14424738		47848
283		154959		14474647		47834
284		155187		14524670		47862
285		155223		14574641		47851
286		154851		14624697		47747
287		154820		14674613		47739
288		154765		14724580		47845
289		155052		14774471		47712
290		154867		14824413		47779
291		154388		14874330		47788
292		154576		14924293		47849
293		154906		14974385		47796
294		155137		15024276		47751
295		154335		15074119		47849
296		154889		15123929		47768
297		154944		15173863		47699
298		154594		15223820		47739
299		154237		15273677		47800
300		154016		15323625		47883
301		154046		15373599		47855
302		154049		15423432		47838
303		154064		15473429		47798
304		154138		15523457		47853
305		153567		15573433		47781
306		152979		15623286		47737
307		153692		15673072		47769
308		153073		15722963		47795
309		153374		15773021		47799
310		153461		15822863		47746
311		152760		15872669		47675
312		153326		15922381		47706
313		152356		15972286		47674
314		152513		16021998		47693
315		152250		16071856		47706
316		152912		16121565		47689
317		153021		16171388		47790
318		153124		16221157		47755
319		152276		16270877		47781
320		151922		16320862		47739
321		152288		16370761		47659
322		153220		16420671		47732
323		153373		16470632		47721
324		153780		16520555		47680
325		153361		16570478		47795
326		153182		16620271		47770
327		153021		16670097		47794
328		152776		16720019		47832
329		153051		16769927		47789
330		153614		16819887		47787
331		153903		16869803		47774
332		153665		16919722		47761
333		154158		16969637		47791
334		153475		17019250		47820
335		152559		17068873		47822
336		151903		17118262		47761
337		151156		17167787		47761
338		150972		17217375		47777
339		150999		17266880		47782
340		150709		17316421		47813
341		151162		17365975		47875
342		150973		17415671		47908
343		150835		17465172		47932
344		151483		17514757		47869
345		151279		17564278		47974
346		151492		17613712		47943
347		151395		17663202		47889
348		152132		17712753		47861
349		151618		17762166		47817
350		151323		17811693		47792
351		150974		17861394		47780
352		151007		17910772		47779
353		150824		17960314		47813
354		151004		18009865		47808
355		151153		18059529		47792
356		151239		18109118		47729
357		151175		18158792		47781
358		150498		18208481		47785
359		150540		18257887		47795
360		150741		18307513		47818
361		150628		18357107		47755
362		150447		18406670		47763
363		150160		18456286		47720
364		149649		18505950		47731
365		149514		18555596		47689
366		149715		18605118		47709
367		149937		18654692		47666
368		149674		18704209		47653
369		150095		18753679		47794
370		149752		18802969		47918
371		149469		18852350		47882
372		149630		18901799		47809
373		149143		18951216		47808
374		149244		19000777		47785
375		149334		19050241		47792
376		148968		19099402		47752
377		149445		19148913		47800
378		149423		19198369		47861
379		149364		19247863		47755
380		149340		19297300		47743
381		149600		19346751		47772
382		149240		19396230		47898
383		148902		19445718		47825
384		149490		19495037		47824
385		148892		19544582		47857
386		148985		19594287		47856
387		148563		19643604		47843
388		148244		19692977		47938
389		149004		19742447		47924
390		148859		19791826		47819
391		148827		19841289		47908
392		148666		19890793		47916
393		148350		19940345		47885
394		148062		19989898		47914
395		148075		20039344		47886
396		147863		20088784		47829
397		147754		20138269		47730
398		147824		20187732		47815
399		147931		20237196		47875
400		147926		20286561		47868
401		148111		20335983		47863
402		147749		20385349		47858
403		147390		20434741		47859
404		147239		20483978		47757
405		147480		20533228		47772
406		147131		20582539		47802
407		147260		20631989		47874
408		147245		20681223		47803
409		146996		20730322		47772
410		147516		20779619		47718
411		147386		20828823		47661
412		146807		20878187		47596
413		147075		20927484		47721
414		146346		20976810		47771
415		147075		21026095		47794
416		146968		21075275		47790
417		146838		21124645		47805
418		146695		21174046		47821
419		146846		21223276		47787
420		146494		21272429		47764
421		146795		21321792		47795
422		146782		21371154		47860
423		146574		21420385		47861
424		146591		21469620		47928
425		146994		21519007		47905
426		146841		21568436		47927
427		147096		21617760		47887
428		147397		21667088		47912
429		146649		21716402		47875
430		146570		21765515		47846
431		146092		21814594		47783
432		146393		21863846		47762
433		145588		21912942		47814
434		145701		21962362		47804
435		145445		22011697		47774
436		145930		22060818		47656
437		145888		22109953		47666
438		145902		22159086		47730
439		145761		22208128		47772
440		145831		22257329		47720
441		145046		22306390		47772
442		144790		22355555		47784
443		145322		22404768		47879
444		145285		22453862		47925
445		145737		22503043		47823
446		145440		22552274		47835
447		145346		22601439		47803
448		145457		22650558		47773
449		145482		22699675		47803
450		145192		22748795		47856
451		145119		22797827		47883
452		145161		22846799		47808
453		145176		22895877		47776
454		145373		22945043		47812
455		145265		22994140		47701
456		145041		23043280		47694
457		144993		23092486		47738
458		144990		23141533		47797
459		145086		23190658		47799
460		145080		23239917		47789
461		144833		23289168		47874
462		144194		23338258		47802
463		144411		23387191		47774
464		144567		23436240		47829
465		144064		23485223		47826
466		144027		23534117		47811
467		144105		23583266		47800
468		144080		23632338		47821
469		143505		23681284		47751
470		143495		23730391		47700
471		143899		23779500		47710
472		143578		23828726		47789
473		144028		23877816		47731
474		143718		23926871		47850
475		143686		23975911		47783
476		143837		24025056		47781
477		143427		24074030		47729
478		143348		24122996		47741
479		143333		24171954		47766
480		143415		24221041		47761
481		143584		24270153		47730
482		143909		24319169		47803
483		144502		24368239		47738
484		143976		24417484		47721
485		143726		24466643		47753
486		143710		24515779		47757
487		144107		24564880		47864
488		143691		24614060		47778
489		143530		24663049		47791
490		143133		24711945		47836
491		143190		24760964		47845
492		143142		24810080		47853
493		143767		24859139		47853
494		143094		24908090		47804
495		143165		24957030		47781
496		142835		25005909		47799
497		143089		25054954		47866
498		143192		25103866		47922
499		143006		25152940		47767
500		142688		25201562		47796
501		142245		25250310		47826
502		142167		25298997		47909
503		141847		25347603		47923
504		141607		25396079		47953
505		141726		25444770		48033
506		141013		25493311		47934
507		140881		25541823		47934
508		140943		25590464		47898
509		140597		25639029		47882
510		140530		25687531		47906
511		140454		25736110		47875
512		140876		25784640		47859
513		140966		25833132		47961
514		140975		25881750		47918
515		140659		25930237		47849
516		140641		25978691		47771
517		140924		26027097		47700
518		141052		26075497		47767
519		140641		26124144		47758
520		140667		26172696		47774
521		140517		26221158		47752
522		140479		26269722		47731
523		140444		26318353		47754
524		140433		26366964		47748
525		140202		26415443		47834
526		140056		26464197		47813
527		140279		26512788		47844
528		139671		26561406		47810
529		139813		26610103		47855
530		139953		26658871		47866
531		140002		26707404		47865
532		140078		26755846		47844
533		140080		26804489		47857
534		140111		26853163		47815
535		140190		26901824		47861
536		139964		26950472		47814
537		139760		26999048		47783
538		139520		27047668		47783
539		139557		27096238		47772
540		139353		27144654		47774
541		139209		27193150		47804
542		139189		27241726		47796
543		139359		27290082		47750
544		139424		27338620		47720
545		139397		27387128		47756
546		139360		27435578		47774
547		139048		27484006		47783
548		139007		27532660		47748
549		138881		27581230		47738
550		138841		27629580		47759
551		139072		27678026		47765
552		139034		27726537		47794
553		139422		27774937		47770
554		139013		27823510		47725
555		139036		27871863		47719
556		138933		27920161		47640
557		139039		27968656		47649
558		138677		28017125		47687
559		138826		28065382		47714
560		139064		28113753		47756
561		138822		28162206		47746
562		138745		28210483		47712
563		138497		28259082		47725
564		138565		28307547		47824
565		138533		28355879		47828
566		138663		28404300		47803
567		138379		28452714		47895
568		138268		28501460		47829
569		138269		28549977		47797
570		137909		28598600		47759
571		137952		28647030		47726
572		137713		28695376		47764
573		138149		28743937		47798
574		137821		28792310		47716
575		137989		28840724		47787
576		137572		28889175		47758
577		137848		28937673		47723
578		137631		28986086		47727
579		137588		29034591		47768
580		137492		29083036		47730
581		137276		29131618		47791
582		137368		29180044		47739
583		137222		29228395		47725
584		137014		29276906		47799
585		136771		29325460		47706
586		137038		29373905		47698
587		136907		29422336		47789
588		137188		29470898		47778
589		136862		29519294		47812
590		136969		29567721		47863
591		136665		29616326		47828
592		137035		29664794		47790
593		136991		29713420		47778
594		136954		29761770		47788
595		137182		29810049		47734
596		137468		29858509		47734
597		137453		29906789		47811
598		137093		29955253		47801
599		136801		30003537		47799
600		136752		30052065		47745
601		136628		30100387		47687
602		136304		30148846		47774
603		136005		30197183		47706
604		136147		30245280		47758
605		136049		30293624		47781
606		136031		30341883		47777
607		135932		30390207		47723
608		136024		30438389		47701
609		136103		30486740		47742
610		136092		30535125		47796
611		135994		30583610		47796
612		135634		30631789		47798
613		135771		30680350		47827
614		135562		30728968		47856
615		135467		30777341		47792
616		135876		30825771		47871
617		135993		30874248		47899
618		135791		30922829		47920
619		135976		30971206		47900
620		135819		31019525		47895
621		135703		31067922		47856
622		135829		31116166		47784
623		135671		31164635		47737
624		135151		31213079		47838
625		135019		31261376		47766
626		135203		31309690		47797
627		135074		31357893		47832
628		135115		31406118		47864
629		135133		31454344		47882
630		134990		31502610		47874
631		134765		31550884		47828
632		134757		31599135		47789
633		134866		31647388		47780
634		134697		31695608		47785
635		134829		31743732		47789
636		134597		31791963		47807
637		134372		31840215		47863
638		134382		31888431		47887
639		134542		31936811		47902
640		134568		31985014		47858
641		134654		32033379		47889
642		134466		32081700		47859
643		134404		32130019		47880
644		134451		32178203		47823
645		134541		32226628		47897
646		134376		32274929		47892
647		134478		32323347		47867
648		134495		32371737		47855
649		134725		32419962		47853
650		134354		32468231		47859
651		134428		32516474		47919
652		134299		32564633		47888
653		134325		32613079		47817
654		134167		32661347		47757
655		134152		32709557		47763
656		134179		32757915		47785
657		133750		32806276		47838
658		133853		32854817		47830
659		133593		32903132		47827
660		133766		32951539		47798
661		133840		32999822		47843
662		133823		33048196		47840
663		133783		33096609		47821
664		133727		33144812		47802
665		133753		33193304		47801
666		133522		33241611		47815
667		133334		33289807		47846
668		133234		33337860		47851
669		133038		33386024		47918
670		133180		33434312		47903
671		133153		33482541		47849
672		132675		33530953		47808
673		132632		33579140		47809
674		132581		33627209		47805
675		132216		33675488		47796
676		132212		33723626		47740
677		132356		33771735		47775
678		132182		33819846		47748
679		132224		33868063		47796
680		132174		33916218		47774
681		132101		33964501		47727
682		132010		34012598		47722
683		131877		34060881		47749
684		131751		34109095		47728
685		132008		34157409		47765
686		132008		34205670		47778
687		131992		34253843		47785
688		131936		34301987		47758
689		131953		34350191		47828
690		131857		34398471		47829
691		131877		34446689		47818
692		131850		34494775		47810
693		131846		34543013		47844
694		131732		34591253		47862
695		131739		34639573		47855
696		131556		34687746		47788
697		131304		34735914		47810
698		131193		34784088		47847
699		131266		34832248		47816
700		131310		34880492		47777
701		131240		34928540		47735
702		131113		34976567		47782
703		130863		35024748		47794
704		130818		35072949		47797
705		130874		35121089		47834
706		130907		35169379		47813
707		130918		35217602		47813
708		130927		35265870		47844
709		130827		35314166		47854
710		130594		35362324		47871
711		130601		35410498		47915
712		130568		35458660		47925
713		130534		35506774		47879
714		130423		35555084		47821
715		130411		35603334		47828
716		130386		35651502		47860
717		130327		35699586		47864
718		130236		35747818		47802
719		130152		35795777		47795
720		130204		35844022		47823
721		130304		35892306		47841
722		130362		35940628		47801
723		130222		35988936		47858
724		130167		36037354		47879
725		130432		36085676		47894
726		130419		36133968		47840
727		130296		36182134		47868
728		130137		36230372		47838
729		130028		36278603		47815
730		129721		36326851		47851
731		129876		36374969		47875
732		129974		36423074		47916
733		129897		36471217		47889
734		129934		36519427		47845
735		129737		36567628		47868
736		129750		36615761		47854
737		129681		36663919		47836
738		129857		36712274		47866
739		129639		36760596		47817
740		129462		36808838		47848
741		129376		36857182		47835
742		129238		36905321		47829
743		129080		36953495		47834
744		128993		37001767		47788
745		129030		37049869		47823
746		128992		37098113		47838
747		129057		37146283		47775
748		129111		37194627		47809
749		129080		37242817		47759
750		129030		37291047		47753
751		128784		37339270		47778
752		128669		37387410		47767
753		128551		37435581		47796
754		128599		37483710		47741
755		128540		37531840		47746
756		128512		37580092		47789
757		128576		37628289		47824
758		128455		37676397		47818
759		128307		37724484		47815
760		128398		37772692		47812
761		128193		37820884		47786
762		128210		37869285		47784
763		128275		37917600		47802
764		128273		37965737		47816
765		128231		38013869		47777
766		128226		38062030		47776
767		128251		38110226		47769
768		128165		38158400		47749
769		128077		38206645		47803
770		127913		38255022		47828
771		127780		38303227		47789
772		127672		38351516		47791
773		127674		38399796		47774
774		127590		38447985		47734
775		127487		38496401		47751
776		127506		38544421		47751
777		127454		38592627		47715
778		127446		38640872		47751
779		127498		38689223		47772
780		127446		38737528		47753
781		127438		38785879		47762
782		127288		38834096		47783
783		127253		38882453		47786
784		127277		38930675		47752
785		127346		38979032		47740
786		127201		39027419		47713
787		127148		39075758		47699
788		127256		39124019		47763
789		127196		39172294		47745
790		127101		39220615		47746
791		127129		39268999		47789
792		127036		39317299		47790
793		126866		39365558		47832
794		126867		39413917		47805
795		126874		39462123		47802
796		126756		39510543		47798
797		126762		39559012		47832
798		126818		39607232		47818
799		126777		39655518		47826
800		126724		39703842		47864
801		126717		39752104		47861
802		126670		39800594		47804
803		126597		39848854		47838
804		126420		39897307		47853
805		126367		39945610		47821
806		126489		39994043		47822
807		126494		40042323		47817
808		126330		40090575		47821
809		126312		40138774		47820
810		126229		40187052		47774
811		126259		40235201		47808
812		126182		40283282		47796
813		126150		40331476		47757
814		126220		40379862		47792
815		126200		40428175		47773
816		126139		40476383		47776
817		126112		40524684		47788
818		126084		40572984		47812
819		125946		40621203		47794
820		125877		40669561		47807
821		125829		40717966		47789
822		125769		40766320		47801
823		125750		40814586		47833
824		125757		40862789		47835
825		125660		40911346		47853
826		125595		40959686		47846
827		125567		41007928		47809
828		125514		41056332		47774
829		125497		41104583		47815
830		125398		41152918		47809
831		125384		41201359		47774
832		125404		41249951		47756
833		125352		41298482		47804
834		125283		41346943		47873
835		125283		41395378		47891
836		125201		41443758		47850
837		125194		41492338		47849
838		125208		41540802		47862
839		125119		41589225		47869
840		125081		41637601		47877
841		125035		41686028		47844
842		124955		41734569		47855
843		124959		41783069		47820
844		124897		41831737		47798
845		124903		41880246		47834
846		124794		41928671		47840
847		124720		41977099		47829
848		124682		42025570		47828
849		124677		42074125		47881
850		124580		42122645		47858
851		124569		42171261		47845
852		124513		42219813		47843
853		124449		42268353		47844
854		124445		42316948		47839
855		124338		42365709		47826
856		124393		42414252		47829
857		124392		42462769		47820
858		124367		42511337		47785
859		124309		42559820		47807
860		124296		42608394		47815
861		124265		42656874		47810
862		124172		42705532		47844
863		124095		42754118		47817
864		124073		42802821		47809
865		124033		42851410		47807
866		124016		42900071		47824
867		124001		42948695		47807
868		123895		42997518		47861
869		123861		43045979		47866
870		123836		43094611		47844
871		123772		43143172		47837
872		123739		43191872		47862
873		123710		43240581		47892
874		123688		43289171		47822
875		123644		43337757		47823
876		123607		43386439		47825
877		123526		43435129		47837
878		123481		43483913		47872
879		123465		43532666		47839
880		123452		43581192		47834
881		123425		43629797		47832
882		123447		43678389		47852
883		123414		43727184		47852
884		123355		43775886		47829
885		123328		43824780		47825
886		123274		43873506		47803
887		123266		43922228		47793
888		123226		43970849		47782
889		123196		44019675		47806
890		123164		44068511		47811
891		123120		44117291		47816
892		123063		44165988		47807
893		123037		44214765		47810
894		122987		44263649		47791
895		122968		44312471		47779
896		122963		44361255		47786
897		122927		44410043		47770
898		122890		44458811		47800
899		122863		44507693		47833
900		122793		44556558		47848
901		122764		44605395		47810
902		122735		44654157		47799
903		122708		44702877		47802
904		122670		44751735		47821
905		122628		44800661		47811
906		122593		44849501		47821
907		122580		44898456		47830
908		122538		44947377		47824
909		122494		44996299		47827
910		122475		45045100		47837
911		122470		45093843		47841
912		122432		45142901		47849
913		122406		45191820		47843
914		122397		45240884		47837
915		122353		45289789		47832
916		122328		45338719		47809
917		122313		45387734		47797
918		122252		45436705		47767
919		122219		45485518		47775
920		122177		45534577		47794
921		122175		45583655		47779
922		122135		45632474		47785
923		122111		45681330		47745
924		122122		45730416		47736
925		122078		45779400		47769
926		122048		45828402		47776
927		121995		45877199		47762
928		121953		45926212		47762
929		121938		45975358		47766
930		121905		46024484		47760
931		121867		46073602		47763
932		121840		46122490		47756
933		121828		46171705		47773
934		121808		46220852		47764
935		121754		46269896		47771
936		121729		46318985		47784
937		121701		46368232		47798
938		121668		46417475		47769
939		121638		46466607		47769
940		121616		46515820		47761
941		121597		46564948		47772
942		121585		46613919		47776
943		121558		46663133		47807
944		121527		46712298		47797
945		121511		46761506		47782
946		121482		46810514		47778
947		121467		46859633		47775
948		121437		46908892		47788
949		121396		46958156		47806
950		121368		47007345		47805
951		121340		47056619		47805
952		121318		47105786		47805
953		121303		47154969		47817
954		121286		47204098		47799
955		121268		47253269		47822
956		121250		47302641		47795
957		121229		47351898		47816
958		121215		47401064		47852
959		121196		47450380		47830
960		121180		47499740		47843
961		121148		47549076		47839
962		121120		47598442		47828
963		121092		47647654		47826
964		121079		47697016		47830
965		121064		47746250		47838
966		121047		47795495		47809
967		121033		47844689		47797
968		121017		47893879		47802
969		120999		47943092		47807
970		120981		47992478		47804
971		120955		48041693		47804
972		120931		48091116		47807
973		120909		48140603		47785
974		120886		48189859		47781
975		120865		48239166		47789
976		120853		48288690		47780
977		120828		48338147		47775
978		120817		48387575		47770
979		120795		48437127		47771
980		120778		48486758		47764
981		120758		48536302		47759
982		120738		48585552		47764
983		120725		48634821		47767
984		120708		48684406		47771
985		120693		48733892		47780
986		120683		48783222		47787
987		120675		48832743		47774
988		120671		48882280		47760
989		120655		48931649		47762
990		120642		48981031		47765
991		120632		49030394		47748
992		120620		49079954		47749
993		120609		49129373		47742
994		120602		49179078		47761
995		120591		49228423		47761
996		120581		49277914		47762
997		120573		49327514		47773
998		120569		49376933		47762
999		120562		49426570		47748
1000		132805		49477909		47707
1001		141663		49529566		47791
1002		147549		49581184		47793
1003		152237		49632839		47791
1004		156063		49684573		47835
1005		157887		49736316		47792
1006		161388		49787769		47724
1007		163237		49839240		47665
1008		164664		49890690		47760
1009		165761		49942122		47737
1010		166601		49993450		47716
1011		167207		50044804		47747
1012		166866		50096041		47760
1013		167322		50147263		47726
1014		167190		50198522		47719
1015		167904		50249635		47721
1016		168603		50300820		47667
1017		168859		50351846		47782
1018		168721		50402916		47754
1019		169058		50453925		47857
1020		169116		50505028		47690
1021		169740		50556073		47762
1022		170244		50607324		47660
1023		169708		50658355		47666
1024		169134		50709375		47677
1025		169784		50760455		47734
1026		170015		50811372		47667
1027		170113		50862473		47756
1028		169888		50913500		47740
1029		169565		50964642		47768
1030		170527		51015713		47760
1031		168911		51066675		47913
1032		167958		51117745		47818
1033		168745		51168877		47784
1034		167587		51219954		47938
1035		169192		51271078		47829
1036		168483		51322272		47819
1037		169167		51373387		47773
1038		169035		51424390		47858
1039		168568		51475398		47777
1040		168778		51526547		47792
1041		169503		51577718		47908
1042		168213		51628777		47854
1043		168320		51679881		47913
1044		168232		51731091		47834
1045		167076		51782132		47813
1046		167068		51832960		47822
1047		166699		51883969		47705
1048		168050		51934982		47789
1049		169145		51985999		47783
1050		167981		52037019		47698
1051		166794		52088123		47760
1052		167234		52139042		47599
1053		167479		52190073		47493
1054		168249		52241083		47641
1055		167966		52292202		47587
1056		166482		52343358		47625
1057		166748		52394296		47639
1058		167206		52445447		47594
1059		166965		52496519		47697
1060		166545		52547365		47814
1061		167856		52598422		47799
1062		167891		52649545		47801
1063		167220		52700530		47757
1064		167438		52751527		47800
1065		168039		52802562		47830
1066		167134		52853451		47823
1067		166724		52904354		47833
1068		165882		52955107		47820
1069		166516		53006180		47773
1070		167694		53057046		47819
1071		167392		53108138		47808
1072		167013		53159180		47853
1073		167253		53210172		47680
1074		166910		53261077		47716
1075		166867		53312120		47681
1076		166194		53363222		47655
1077		166741		53414071		47706
1078		167708		53465021		47720
1079		167116		53516075		47765
1080		167361		53566984		47781
1081		166284		53618051		47776
1082		166700		53669053		47754
1083		167024		53720113		47830
1084		166611		53770988		47898
1085		166586		53822213		47758
1086		166078		53873258		47866
1087		167270		53924102		47764
1088		167368		53975182		47789
1089		167791		54026352		47758
1090		166241		54077502		47809
1091		166357		54128622		47877
1092		167445		54179437		47827
1093		167357		54230376		47717
1094		167548		54281419		47784
1095		166504		54332431		47724
1096		166274		54383590		47713
1097		166318		54434462		47755
1098		165909		54485262		47819
1099		166569		54535979		47798
1100		166428		54586852		47756
1101		167226		54637699		47798
1102		167131		54688642		47734
1103		166934		54739599		47750
1104		166090		54790635		47845
1105		166158		54841431		47909
1106		166045		54892276		47974
1107		165974		54943127		47914
1108		164859		54993967		47835
1109		164709		55044737		47781
1110		166151		55095553		47768
1111		165203		55146406		47837
1112		165574		55197216		47653
1113		166325		55247821		47736
1114		165766		55298778		47771
1115		166307		55349570		47763
1116		166192		55400499		47714
1117		165976		55451419		47745
1118		165423		55502421		47647
1119		164673		55553364		47692
1120		164974		55604377		47715
1121		164709		55655325		47803
1122		165527		55706265		47848
1123		165846		55757227		47741
1124		165618		55808094		47713
1125		164567		55859018		47644
1126		164994		55910069		47688
1127		164983		55961052		47753
1128		163923		56011928		47701
1129		164877		56062705		47725
1130		163677		56113474		47770
1131		163433		56164320		47828
1132		163979		56215202		47763
1133		163897		56265961		47788
1134		164101		56316601		47833
1135		164121		56367354		47869
1136		163008		56418100		47883
1137		162334		56468933		47881
1138		163626		56519578		47896
1139		163316		56570174		47856
1140		162755		56620796		47955
1141		163524		56671494		47941
1142		163244		56722032		47862
1143		163068		56772598		47874
1144		163084		56823322		47712
1145		163586		56874152		47701
1146		163688		56924835		47766
1147		163459		56975543		47828
1148		162509		57026329		47797
1149		162775		57076882		47671
1150		163667		57127382		47712
1151		162577		57178018		47723
1152		162585		57228692		47787
1153		162913		57279410		47763
1154		162712		57330018		47830
1155		163081		57380669		47802
1156		162836		57431405		47762
1157		163170		57482030		47753
1158		162755		57532750		47665
1159		163377		57583389		47724
1160		162777		57634152		47714
1161		162052		57684873		47615
1162		162780		57735650		47688
1163		163223		57786442		47802
1164		163121		57837235		47787
1165		162318		57887992		47784
1166		160730		57938586		47814
1167		162413		57989178		47781
1168		161585		58039597		47767
1169		161656		58090075		47746
1170		161730		58140608		47799
1171		161740		58191441		47736
1172		162314		58242094		47755
1173		162203		58292770		47781
1174		161675		58343386		47765
1175		161309		58394026		47692
1176		161643		58444574		47661
1177		161758		58495131		47715
1178		161129		58545680		47707
1179		161744		58596020		47641
1180		161515		58646480		47668
1181		161667		58696985		47699
1182		160993		58747470		47610
1183		161321		58797965		47683
1184		160947		58848487		47778
1185		160472		58899202		47763
1186		161007		58949762		47703
1187		161740		59000295		47736
1188		161996		59050789		47746
1189		160693		59101297		47679
1190		160754		59151844		47683
1191		159855		59202401		47757
1192		161009		59252890		47705
1193		160061		59303459		47731
1194		160046		59353950		47837
1195		159745		59404456		47770
1196		159684		59454903		47768
1197		159681		59505275		47911
1198		160190		59555714		47888
1199		160040		59606136		47778
1200		159824		59656436		47784
1201		159610		59706769		47746
1202		159686		59757147		47728
1203		159667		59807565		47768
1204		159493		59857707		47761
1205		159812		59907923		47914
1206		159228		59958198		47827
1207		159340		60008454		47764
1208		159711		60058890		47776
1209		158863		60109079		47755
1210		160254		60159420		47850
1211		159827		60209763		47753
1212		159851		60260263		47724
1213		159903		60310556		47809
1214		159648		60360855		47744
1215		159368		60411053		47713
1216		158976		60461292		47830
1217		158895		60511797		47743
1218		158784		60562090		47791
1219		158331		60612466		47823
1220		159017		60662842		47857
1221		158768		60713075		47876
1222		158914		60763609		47825
1223		157661		60813973		47872
1224		157631		60864339		47843
1225		158132		60914738		47804
1226		157605		60964972		47810
1227		158115		61015298		47756
1228		158561		61065528		47698
1229		157531		61115830		47696
1230		157340		61165987		47765
1231		157427		61216276		47769
1232		158050		61266466		47709
1233		158046		61316673		47796
1234		158094		61366702		47790
1235		157733		61416799		47844
1236		158790		61466953		47842
1237		157877		61517294		47804
1238		158869		61567693		47751
1239		158345		61617905		47768
1240		158474		61668169		47797
1241		158971		61718371		47799
1242		158609		61768521		47903
1243		158173		61818841		47859
1244		158052		61869083		47858
1245		157493		61919373		47774
1246		157799		61969653		47779
1247		157811		62019965		47771
1248		157285		62070263		47707
1249		157170		62120584		47716
1250		156418		62170605		47775
1251		156668		62220610		47674
1252		156933		62270630		47767
1253		157167		62320627		47779
1254		155784		62370372		47873
1255		156353		62420315		47889
1256		156872		62470343		47858
1257		156300		62520591		47731
1258		156272		62570716		47793
1259		156047		62620918		47757
1260		156051		62670855		47708
1261		156234		62720948		47742
1262		156827		62770976		47783
1263		156285		62821110		47768
1264		156179		62871178		47790
1265		156068		62921288		47818
1266		156040		62971354		47910
1267		156095		63021505		47776
1268		156098		63071516		47758
1269		156612		63121591		47840
1270		156321		63171615		47813
1271		155397		63221833		47852
1272		154649		63271738		47799
1273		154711		63321630		47821
1274		154810		63371545		47801
1275		155133		63421518		47684
1276		154542		63471562		47754
1277		154738		63521523		47833
1278		154645		63571476		47839
1279		155448		63621374		47799
1280		155198		63671349		47809
1281		155268		63721314		47835
1282		155533		63771323		47848
1283		155306		63821406		47839
1284		154953		63871393		47756
1285		155030		63921382		47733
1286		155462		63971364		47760
1287		154920		64021359		47768
1288		155130		64071303		47823
1289		154554		64121056		47922
1290		154026		64171022		47956
1291		153873		64220925		47972
1292		155129		64270805		47937
1293		155868		64320716		47895
1294		155847		64370756		47923
1295		155063		64420689		47860
1296		154340		64470588		47817
1297		153933		64520435		47782
1298		153471		64570302		47915
1299		153138		64620055		47827
1300		152855		64669753		47874
1301		153849		64719557		47844
1302		153987		64769384		47813
1303		154095		64819232		47900
1304		153947		64869091		47800
1305		153463		64919000		47680
1306		154161		64968989		47665
1307		154297		65018911		47674
1308		154488		65068969		47580
1309		154226		65118909		47620
1310		153740		65168757		47659
1311		154411		65218583		47646
1312		154356		65268480		47660
1313		154281		65318283		47682
1314		153639		65368097		47627
1315		153825		65418055		47629
1316		153235		65467811		47792
1317		152997		65517642		47687
1318		153446		65567372		47746
1319		153067		65617138		47822
1320		152809		65667012		47884
1321		152895		65716753		47767
1322		152814		65766518		47743
1323		153104		65816372		47777
1324		153447		65866363		47731
1325		153328		65916352		47677
1326		153297		65966409		47684
1327		152963		66016251		47742
1328		153012		66066224		47786
1329		152949		66116102		47829
1330		153096		66165838		47840
1331		153074		66215753		47765
1332		153127		66265750		47767
1333		152182		66315355		47784
1334		152148		66365006		47687
1335		151987		66414515		47740
1336		151625		66463996		47725
1337		151678		66513531		47810
1338		151055		66563123		47764
1339		151194		66612658		47786
1340		151245		66662020		47765
1341		151392		66711435		47776
1342		151122		66760989		47693
1343		151093		66810540		47750
1344		150991		66860147		47799
1345		151452		66909644		47820
1346		150943		66959071		47805
1347		150440		67008610		47796
1348		150824		67057999		47825
1349		150527		67107577		47734
1350		150137		67157115		47760
1351		150850		67206580		47768
1352		150360		67256197		47776
1353		150579		67305555		47807
1354		149782		67355028		47877
1355		149353		67404598		47807
1356		149695		67453986		47774
1357		149327		67503347		47781
1358		150135		67552918		47832
1359		149453		67602341		47782
1360		149691		67651783		47731
1361		149821		67701229		47715
1362		149508		67750776		47742
1363		149658		67800434		47721
1364		149596		67849994		47794
1365		149941		67899594		47821
1366		150603		67949043		47782
1367		149920		67998522		47821
1368		150390		68047937		47727
1369		150226		68097361		47836
1370		149562		68146867		47745
1371		149822		68196489		47700
1372		150035		68245983		47750
1373		149977		68295446		47718
1374		148922		68344860		47698
1375		148920		68394447		47795
1376		149416		68443891		47757
1377		149879		68493367		47833
1378		149795		68542776		47788
1379		149661		68592120		47873
1380		149707		68641587		47760
1381		149037		68690936		47742
1382		149471		68740491		47761
1383		148967		68789933		47814
1384		148766		68839314		47845
1385		148315		68888674		47846
1386		148348		68938173		47707
1387		148832		68987452		47728
1388		148611		69036968		47790
1389		148203		69086400		47787
1390		148250		69135761		47779
1391		148491		69185048		47781
1392		148031		69234422		47757
1393		147851		69283739		47767
1394		147931		69333106		47731
1395		147923		69382397		47676
1396		147764		69431785		47725
1397		148432		69481167		47735
1398		148147		69530628		47882
1399		147781		69580032		47841
1400		148269		69629231		47784
1401		147827		69678329		47748
1402		147207		69727591		47726
1403		147367		69776739		47714
1404		147558		69826020		47681
1405		147167		69875339		47699
1406		147233		69924480		47698
1407		147091		69973679		47768
1408		147165		70022919		47737
1409		147475		70072257		47738
1410		146767		70121603		47713
1411		146894		70171015		47713
1412		146564		70220310		47728
1413		146552		70269584		47736
1414		146896		70318949		47767
1415		146699		70368437		47785
1416		146328		70417888		47793
1417		145809		70467304		47847
1418		145906		70516514		47817
1419		146032		70565709		47800
1420		146103		70614830		47735
1421		146244		70664017		47764
1422		146289		70713373		47785
1423		146590		70762521		47849
1424		146362		70811713		47809
1425		146819		70861026		47842
1426		146576		70910397		47837
1427		146751		70959675		47753
1428		146884		71008803		47738
1429		146488		71057936		47866
1430		145817		71107228		47874
1431		146329		71156431		47861
1432		146656		71205665		47861
1433		146105		71254904		47854
1434		145291		71304060		47819
1435		145806		71353277		47832
1436		145731		71402587		47845
1437		145681		71451999		47863
1438		145617		71501337		47829
1439		145722		71550661		47762
1440		145749		71599953		47809
1441		146059		71649161		47803
1442		145413		71698574		47818
1443		145734		71747748		47731
1444		145336		71796962		47677
1445		145552		71846194		47693
1446		145740		71895584		47781
1447		145955		71944853		47855
1448		145774		71994159		47884
1449		145385		72043427		47827
1450		145477		72092837		47810
1451		145508		72142076		47851
1452		144958		72191149		47795
1453		145444		72240303		47785
1454		145232		72289488		47690
1455		145603		72338636		47636
1456		145453		72387749		47731
1457		145185		72436833		47688
1458		144603		72485874		47663
1459		145120		72534886		47719
1460		144572		72584062		47724
1461		144624		72632967		47783
1462		144685		72682065		47757
1463		144662		72731235		47738
1464		145014		72780417		47860
1465		144758		72829526		47859
1466		144690		72878801		47869
1467		144375		72928090		47862
1468		144203		72977305		47854
1469		144554		73026486		47824
1470		143538		73075685		47787
1471		143671		73124970		47700
1472		143258		73174114		47783
1473		143499		73223264		47864
1474		143658		73272490		47810
1475		143850		73321626		47795
1476		143236		73370735		47794
1477		143467		73419984		47775
1478		143888		73469244		47722
1479		143880		73518510		47758
1480		144249		73567716		47689
1481		143413		73617012		47773
1482		143699		73666186		47811
1483		143974		73715378		47862
1484		143285		73764493		47837
1485		142944		73813681		47879
1486		143198		73862884		47862
1487		143158		73912002		47777
1488		143032		73961204		47736
1489		143157		74010274		47802
1490		143017		74059235		47793
1491		142260		74108489		47749
1492		142373		74157652		47700
1493		142864		74206756		47785
1494		143318		74255949		47868
1495		142934		74305173		47834
1496		143172		74354503		47724
1497		143501		74403751		47685
1498		142919		74452740		47672
1499		142464		74501418		47678
