# Migration is number of nodes that have changed color.

Round		Edge-Cut		Swaps		Migrations		Skipped
0		589283		63409		46022
1		527743		126154		47430
2		394213		186382		47797
3		313077		244035		47501
4		265578		299972		47636
5		240071		354718		47682
6		224550		408647		47668
7		217108		462182		47627
8		210136		515192		47601
9		203749		568054		47675
10		201502		620844		47746
11		199085		673444		47624
12		196288		726040		47702
13		192826		778538		47627
14		190366		830711		47672
15		188355		882938		47664
16		186510		935134		47725
17		185314		987126		47698
18		184058		1039198		47700
19		183605		1091389		47732
20		182567		1143437		47720
21		181840		1195343		47812
22		181719		1247116		47830
23		181757		1298926		47740
24		181027		1350682		47769
25		181964		1402591		47626
26		180281		1454457		47636
27		180954		1506266		47784
28		180003		1558176		47770
29		180211		1609918		47911
30		180290		1661707		47831
31		179456		1713520		47784
32		179064		1765258		47836
33		179720		1816941		47805
34		179445		1868642		47742
35		180292		1920392		47806
36		179521		1972043		47886
37		178980		2023763		47790
38		178889		2075511		47829
39		178088		2127206		47791
40		178039		2178785		47790
41		178093		2230331		47799
42		177927		2281937		47725
43		173524		2333397		47788
44		171520		2384679		47859
45		170562		2435947		47809
46		169816		2487205		47690
47		167896		2538203		47740
48		167036		2589083		47755
49		166975		2640004		47601
50		166377		2690675		47632
51		165837		2741403		47785
52		165861		2792116		47717
53		165638		2842894		47823
54		164138		2893542		47802
55		164549		2944098		47762
56		164517		2994613		47874
57		163843		3045194		47828
58		164010		3095813		47861
59		162975		3146370		47741
60		162562		3196822		47747
61		163061		3247368		47716
62		162320		3298000		47768
63		161958		3348558		47809
64		161626		3399040		47767
65		161709		3449646		47850
66		161357		3500099		47894
67		161185		3550637		47848
68		161561		3600955		47920
69		161857		3651349		47953
70		161387		3701809		47966
71		160913		3752142		48021
72		161342		3802449		47964
73		161009		3852972		47889
74		160661		3903449		48003
75		159847		3954019		47968
76		160092		4004399		48030
77		159707		4054784		47889
78		159410		4105182		47903
79		159272		4155329		47797
80		158757		4205488		47831
81		158561		4255872		47856
82		158798		4306041		47781
83		158492		4356292		47839
84		158389		4406424		47757
85		158016		4456280		47873
86		157313		4506208		47818
87		156613		4556338		47821
88		157111		4606177		47803
89		157464		4656081		47755
90		156825		4705965		47809
91		156734		4755797		47739
92		156283		4805583		47674
93		155519		4855596		47722
94		155499		4905631		47732
95		155551		4955658		47617
96		156158		5005610		47764
97		156101		5055458		47803
98		156369		5105351		47749
99		155525		5155298		47805
100		155014		5205058		47747
101		155332		5254843		47769
102		154400		5304673		47773
103		154791		5354576		47835
104		154405		5404273		47807
105		155056		5454225		47715
106		154610		5504204		47811
107		154170		5554237		47826
108		154018		5603978		47833
109		153893		5653719		47787
110		153524		5703513		47841
111		152966		5753192		47846
112		152770		5802711		47768
113		152417		5852388		47780
114		151808		5901900		47791
115		151641		5951376		47816
116		150626		6000887		47674
117		150510		6050342		47714
118		150088		6099607		47711
119		150668		6149014		47760
120		150731		6198425		47702
121		151037		6247862		47799
122		151092		6297197		47796
123		150675		6346695		47870
124		150577		6396117		47953
125		150611		6445426		47816
126		150664		6495024		47686
127		150211		6544428		47724
128		149872		6593870		47783
129		149471		6643230		47769
130		149486		6692642		47800
131		149230		6742014		47801
132		148894		6791418		47809
133		149143		6840738		47787
134		148537		6890054		47755
135		148058		6939287		47730
136		148582		6988404		47787
137		148422		7037591		47682
138		148606		7086818		47650
139		148021		7135977		47586
140		147473		7185372		47720
141		147475		7234763		47698
142		147162		7284014		47655
143		147229		7333083		47733
144		147030		7382157		47777
145		146734		7431264		47781
146		146722		7480477		47762
147		146519		7529600		47782
148		146427		7578697		47890
149		146551		7627830		47819
150		146429		7676965		47817
151		146454		7726077		47770
152		146332		7775366		47759
153		146161		7824652		47724
154		145580		7873608		47846
155		145597		7922735		47867
156		145109		7971677		47880
157		145143		8020699		47902
158		145015		8069866		47825
159		144379		8118859		47816
160		144224		8167911		47786
161		144694		8216962		47813
162		144732		8266039		47929
163		144505		8314950		47854
164		144434		8364109		47969
165		144078		8413261		47949
166		144052		8462322		47890
167		143744		8510976		47878
168		142808		8559688		47816
169		142383		8608440		47834
170		142251		8656916		47795
171		142314		8705253		47784
172		142144		8753779		47772
173		142011		8802420		47699
174		141561		8850959		47767
175		141526		8899529		47786
176		141332		8948035		47826
177		141080		8996579		47833
178		141009		9045021		47828
179		140667		9093482		47799
180		140716		9142115		47838
181		140710		9190481		47863
182		140570		9239027		47873
183		139917		9287485		47858
184		140006		9335898		47866
185		139780		9384388		47781
186		139303		9432791		47773
187		139509		9481392		47797
188		139214		9529769		47760
189		139470		9578399		47778
190		139527		9626702		47841
191		139216		9674962		47889
192		138734		9723325		47868
193		138551		9771565		47894
194		138442		9819966		47839
195		138528		9868434		47854
196		138035		9916895		47885
197		137602		9965281		47875
198		137635		10013526		47873
199		137548		10061794		47912
200		137710		10110132		47931
201		137487		10158437		47896
202		137791		10206709		47866
203		137512		10255029		47844
204		137081		10303298		47862
205		137252		10351463		47879
206		137264		10399758		47854
207		136680		10448182		47821
208		136365		10496471		47863
209		136616		10544828		47930
210		136632		10593130		47895
211		136170		10641271		47937
212		136034		10689645		47924
213		135831		10737938		47908
214		135778		10786225		47854
215		135265		10834429		47791
216		135210		10882880		47790
217		135108		10931156		47773
218		135175		10979466		47799
219		135028		11027561		47770
220		134756		11075686		47773
221		134767		11123983		47837
222		134614		11172050		47783
223		134360		11219970		47805
224		133918		11268024		47729
225		134077		11315928		47715
226		133803		11364001		47718
227		133410		11412108		47723
228		133335		11460383		47746
229		133143		11508552		47785
230		133092		11556720		47764
231		132937		11604871		47770
232		132992		11653159		47755
233		132717		11701352		47786
234		132441		11749453		47795
235		132202		11797637		47784
236		131990		11845809		47824
237		131873		11893969		47791
238		131623		11942334		47824
239		131334		11990480		47778
240		131231		12038788		47752
241		131459		12086895		47746
242		131110		12134846		47801
243		130946		12183102		47775
244		130789		12231102		47761
245		130713		12279287		47705
246		130662		12327545		47735
247		130701		12375659		47728
248		130719		12423972		47690
249		130478		12472255		47740
250		130463		12520220		47760
251		130114		12568363		47753
252		129871		12616399		47751
253		129695		12664476		47762
254		129761		12712638		47775
255		129582		12760503		47759
256		129220		12808514		47759
257		129238		12856664		47754
258		129181		12904792		47772
259		129008		12952998		47804
260		128813		13001149		47807
261		128753		13049277		47777
262		128540		13097511		47717
263		128508		13145617		47680
264		128415		13193666		47682
265		128386		13241918		47684
266		128224		13290142		47698
267		128010		13338237		47727
268		127847		13386275		47747
269		127731		13434248		47734
270		127585		13482400		47728
271		127544		13530644		47725
272		127382		13578814		47691
273		127289		13626863		47706
274		127225		13675122		47682
275		127206		13723321		47699
276		126967		13771427		47661
277		126830		13819531		47671
278		126678		13867640		47656
279		126574		13915743		47690
280		126476		13963808		47710
281		126466		14011899		47739
282		126322		14059964		47738
283		126286		14108164		47705
284		126060		14156352		47695
285		125930		14204516		47717
286		125861		14252739		47721
287		125775		14301098		47744
288		125718		14349547		47746
289		125639		14397826		47733
290		125533		14446176		47743
291		125398		14494439		47720
292		125338		14542804		47723
293		125250		14591257		47723
294		125128		14639651		47724
295		124977		14688152		47788
296		124894		14736645		47811
297		124795		14785079		47797
298		124754		14833475		47768
299		124677		14881821		47746
300		124611		14930126		47761
301		124509		14978693		47773
302		124413		15027044		47772
303		124337		15075479		47780
304		124283		15124006		47780
305		124194		15172508		47769
306		124135		15221048		47753
307		124025		15269529		47748
308		123927		15318113		47786
309		123886		15366525		47771
310		123836		15415277		47790
311		123749		15463920		47809
312		123638		15512357		47795
313		123587		15561082		47784
314		123493		15609721		47766
315		123437		15658444		47713
316		123361		15707223		47747
317		123282		15756010		47743
318		123220		15804643		47726
319		123168		15853222		47750
320		123119		15901942		47731
321		123072		15950594		47752
322		123002		15999408		47761
323		122951		16048104		47740
324		122905		16096846		47745
325		122852		16145662		47754
326		122809		16194462		47745
327		122746		16243407		47764
328		122694		16292121		47773
329		122627		16340803		47787
330		122581		16389635		47782
331		122535		16438553		47797
332		122487		16487644		47812
333		122443		16536500		47793
334		122390		16536545		47792
335		122352		16536576		47788
336		122325		16536600		47795
337		122307		16536614		47791
338		122295		16536626		47792
339		122282		16536637		47794
340		122277		16536642		47795
341		122266		16536651		47797
342		122259		16536656		47800
343		122249		16536664		47801
344		122248		16536665		47800
345		122245		16536668		47798
346		122241		16536671		47801
347		122239		16536673		47801
348		122237		16536675		47800
349		122235		16536678		47797
350		122233		16536680		47796
351		122230		16536682		47798
352		122229		16536683		47800
353		122229		16536683		47800
354		122227		16536685		47802
355		122226		16536686		47802
356		122226		16536686		47802
357		122226		16536686		47802
358		122226		16536686		47802
359		122226		16536686		47802
360		122225		16536687		47803
361		122223		16536689		47803
362		122223		16536689		47803
363		122223		16536689		47803
364		122223		16536689		47803
365		122223		16536689		47803
366		122219		16536692		47799
367		122218		16536693		47800
368		122218		16536693		47800
369		122216		16536695		47799
370		122213		16536696		47799
371		122212		16536697		47798
372		122212		16536697		47798
373		122212		16536697		47798
374		122211		16536698		47799
375		122211		16536698		47799
376		122211		16536698		47799
377		122210		16536699		47799
378		122209		16536700		47799
379		122209		16536700		47799
380		122209		16536700		47799
381		122208		16536701		47799
382		122208		16536701		47799
383		122208		16536701		47799
384		122208		16536701		47799
385		122207		16536702		47799
386		122207		16536702		47799
387		122207		16536702		47799
388		122207		16536702		47799
389		122207		16536702		47799
390		122206		16536703		47800
391		122206		16536703		47800
392		122206		16536703		47800
393		122205		16536704		47799
394		122205		16536704		47799
395		122205		16536704		47799
396		122205		16536704		47799
397		122205		16536704		47799
398		122205		16536704		47799
399		122205		16536704		47799
400		122205		16536704		47799
401		122205		16536704		47799
402		122205		16536704		47799
403		122205		16536704		47799
404		122205		16536704		47799
405		122205		16536704		47799
406		122205		16536704		47799
407		122204		16536705		47799
408		122204		16536705		47799
409		122204		16536705		47799
410		122204		16536705		47799
411		122204		16536705		47799
412		122204		16536705		47799
413		122204		16536705		47799
414		122204		16536705		47799
415		122204		16536705		47799
416		122204		16536705		47799
417		122204		16536705		47799
418		122204		16536705		47799
419		122204		16536705		47799
420		122203		16536706		47800
421		122203		16536706		47800
422		122203		16536706		47800
423		122203		16536706		47800
424		122203		16536706		47800
425		122203		16536706		47800
426		122203		16536706		47800
427		122203		16536706		47800
428		122203		16536706		47800
429		122203		16536706		47800
430		122203		16536706		47800
431		122203		16536706		47800
432		122203		16536706		47800
433		122203		16536706		47800
434		122203		16536706		47800
435		122203		16536706		47800
436		122203		16536706		47800
437		122203		16536706		47800
438		122203		16536706		47800
439		122203		16536706		47800
440		122203		16536706		47800
441		122203		16536706		47800
442		122203		16536706		47800
443		122202		16536707		47800
444		122202		16536707		47800
445		122202		16536707		47800
446		122202		16536707		47800
447		122202		16536707		47800
448		122202		16536707		47800
449		122202		16536707		47800
450		122202		16536707		47800
451		122202		16536707		47800
452		122202		16536707		47800
453		122202		16536707		47800
454		122202		16536707		47800
455		122202		16536707		47800
456		122202		16536707		47800
457		122202		16536707		47800
458		122202		16536707		47800
459		122202		16536707		47800
460		122202		16536707		47800
461		122202		16536707		47800
462		122202		16536707		47800
463		122202		16536707		47800
464		122202		16536707		47800
465		122202		16536707		47800
466		122202		16536707		47800
467		122202		16536707		47800
468		122202		16536707		47800
469		122202		16536707		47800
470		122202		16536707		47800
471		122202		16536707		47800
472		122202		16536707		47800
473		122202		16536707		47800
474		122202		16536707		47800
475		122202		16536707		47800
476		122202		16536707		47800
477		122202		16536707		47800
478		122202		16536707		47800
479		122202		16536707		47800
480		122202		16536707		47800
481		122202		16536707		47800
482		122202		16536707		47800
483		122202		16536707		47800
484		122202		16536707		47800
485		122202		16536707		47800
486		122202		16536707		47800
487		122202		16536707		47800
488		122202		16536707		47800
489		122202		16536707		47800
490		122202		16536707		47800
491		122202		16536707		47800
492		122202		16536707		47800
493		122202		16536707		47800
494		122202		16536707		47800
495		122202		16536707		47800
496		122202		16536707		47800
497		122202		16536707		47800
498		122201		16536708		47800
499		122201		16536708		47800
500		122201		16536708		47800
501		122201		16536708		47800
502		122201		16536708		47800
503		122201		16536708		47800
504		122201		16536708		47800
505		122201		16536708		47800
506		122201		16536708		47800
507		122201		16536708		47800
508		122201		16536708		47800
509		122201		16536708		47800
510		122201		16536708		47800
511		122201		16536708		47800
512		122201		16536708		47800
513		122201		16536708		47800
514		122201		16536708		47800
515		122201		16536708		47800
516		122201		16536708		47800
517		122201		16536708		47800
518		122201		16536708		47800
519		122201		16536708		47800
520		122201		16536708		47800
521		122201		16536708		47800
522		122201		16536708		47800
523		122201		16536708		47800
524		122201		16536708		47800
525		122201		16536708		47800
526		122201		16536708		47800
527		122201		16536708		47800
528		122201		16536708		47800
529		122201		16536708		47800
530		122201		16536708		47800
531		122201		16536708		47800
532		122201		16536708		47800
533		122201		16536708		47800
534		122201		16536708		47800
535		122201		16536708		47800
536		122201		16536708		47800
537		122201		16536708		47800
538		122201		16536708		47800
539		122201		16536708		47800
540		122201		16536708		47800
541		122201		16536708		47800
542		122201		16536708		47800
543		122201		16536708		47800
544		122201		16536708		47800
545		122201		16536708		47800
546		122201		16536708		47800
547		122201		16536708		47800
548		122201		16536708		47800
549		122200		16536709		47801
550		122200		16536709		47801
551		122200		16536709		47801
552		122200		16536709		47801
553		122200		16536709		47801
554		122200		16536709		47801
555		122200		16536709		47801
556		122200		16536709		47801
557		122200		16536709		47801
558		122200		16536709		47801
559		122200		16536709		47801
560		122200		16536709		47801
561		122200		16536709		47801
562		122200		16536709		47801
563		122200		16536709		47801
564		122200		16536709		47801
565		122200		16536709		47801
566		122200		16536709		47801
567		122200		16536709		47801
568		122200		16536709		47801
569		122200		16536709		47801
570		122200		16536709		47801
571		122200		16536709		47801
572		122200		16536709		47801
573		122200		16536709		47801
574		122200		16536709		47801
575		122200		16536709		47801
576		122200		16536709		47801
577		122200		16536709		47801
578		122200		16536709		47801
579		122200		16536709		47801
580		122200		16536709		47801
581		122200		16536709		47801
582		122200		16536709		47801
583		122200		16536709		47801
584		122200		16536709		47801
585		122200		16536709		47801
586		122200		16536709		47801
587		122200		16536709		47801
588		122200		16536709		47801
589		122200		16536709		47801
590		122200		16536709		47801
591		122200		16536709		47801
592		122200		16536709		47801
593		122200		16536709		47801
594		122200		16536709		47801
595		122200		16536709		47801
596		122200		16536709		47801
597		122200		16536709		47801
598		122200		16536709		47801
599		122200		16536709		47801
600		122200		16536709		47801
601		122200		16536709		47801
602		122200		16536709		47801
603		122200		16536709		47801
604		122200		16536709		47801
605		122200		16536709		47801
606		122200		16536709		47801
607		122200		16536709		47801
608		122200		16536709		47801
609		122200		16536709		47801
610		122200		16536709		47801
611		122200		16536709		47801
612		122200		16536709		47801
613		122200		16536709		47801
614		122200		16536709		47801
615		122200		16536709		47801
616		122200		16536709		47801
617		122200		16536709		47801
618		122200		16536709		47801
619		122200		16536709		47801
620		122200		16536709		47801
621		122200		16536709		47801
622		122200		16536709		47801
623		122200		16536709		47801
624		122200		16536709		47801
625		122200		16536709		47801
626		122200		16536709		47801
627		122200		16536709		47801
628		122200		16536709		47801
629		122200		16536709		47801
630		122200		16536709		47801
631		122200		16536709		47801
632		122200		16536709		47801
633		122200		16536709		47801
634		122200		16536709		47801
635		122200		16536709		47801
636		122200		16536709		47801
637		122200		16536709		47801
638		122200		16536709		47801
639		122200		16536709		47801
640		122200		16536709		47801
641		122200		16536709		47801
642		122200		16536709		47801
643		122200		16536709		47801
644		122200		16536709		47801
645		122200		16536709		47801
646		122200		16536709		47801
647		122200		16536709		47801
648		122200		16536709		47801
649		122200		16536709		47801
650		122200		16536709		47801
651		122200		16536709		47801
652		122200		16536709		47801
653		122200		16536709		47801
654		122200		16536709		47801
655		122200		16536709		47801
656		122200		16536709		47801
657		122200		16536709		47801
658		122200		16536709		47801
659		122200		16536709		47801
660		122200		16536709		47801
661		122200		16536709		47801
662		122200		16536709		47801
663		122200		16536709		47801
664		122200		16536709		47801
665		122200		16536709		47801
666		122200		16536709		47801
667		122200		16536709		47801
668		122200		16536709		47801
669		122200		16536709		47801
670		122200		16536709		47801
671		122200		16536709		47801
672		122200		16536709		47801
673		122200		16536709		47801
674		122200		16536709		47801
675		122200		16536709		47801
676		122200		16536709		47801
677		122200		16536709		47801
678		122200		16536709		47801
679		122200		16536709		47801
680		122200		16536709		47801
681		122200		16536709		47801
682		122200		16536709		47801
683		122200		16536709		47801
684		122200		16536709		47801
685		122200		16536709		47801
686		122200		16536709		47801
687		122200		16536709		47801
688		122200		16536709		47801
689		122200		16536709		47801
690		122200		16536709		47801
691		122200		16536709		47801
692		122200		16536709		47801
693		122200		16536709		47801
694		122200		16536709		47801
695		122200		16536709		47801
696		122200		16536709		47801
697		122200		16536709		47801
698		122200		16536709		47801
699		122200		16536709		47801
700		122200		16536709		47801
701		122200		16536709		47801
702		122200		16536709		47801
703		122200		16536709		47801
704		122200		16536709		47801
705		122200		16536709		47801
706		122200		16536709		47801
707		122200		16536709		47801
708		122200		16536709		47801
709		122200		16536709		47801
710		122200		16536709		47801
711		122200		16536709		47801
712		122200		16536709		47801
713		122200		16536709		47801
714		122200		16536709		47801
715		122200		16536709		47801
716		122200		16536709		47801
717		122200		16536709		47801
718		122200		16536709		47801
719		122200		16536709		47801
720		122200		16536709		47801
721		122200		16536709		47801
722		122200		16536709		47801
723		122200		16536709		47801
724		122200		16536709		47801
725		122200		16536709		47801
726		122200		16536709		47801
727		122200		16536709		47801
728		122200		16536709		47801
729		122200		16536709		47801
730		122200		16536709		47801
731		122200		16536709		47801
732		122200		16536709		47801
733		122200		16536709		47801
734		122200		16536709		47801
735		122200		16536709		47801
736		122200		16536709		47801
737		122200		16536709		47801
738		122200		16536709		47801
739		122200		16536709		47801
740		122200		16536709		47801
741		122200		16536709		47801
742		122200		16536709		47801
743		122200		16536709		47801
744		122200		16536709		47801
745		122200		16536709		47801
746		122200		16536709		47801
747		122200		16536709		47801
748		122200		16536709		47801
749		122200		16536709		47801
750		122200		16536709		47801
751		122200		16536709		47801
752		122200		16536709		47801
753		122200		16536709		47801
754		122200		16536709		47801
755		122200		16536709		47801
756		122200		16536709		47801
757		122200		16536709		47801
758		122200		16536709		47801
759		122200		16536709		47801
760		122200		16536709		47801
761		122200		16536709		47801
762		122200		16536709		47801
763		122200		16536709		47801
764		122200		16536709		47801
765		122200		16536709		47801
766		122200		16536709		47801
767		122200		16536709		47801
768		122200		16536709		47801
769		122200		16536709		47801
770		122200		16536709		47801
771		122200		16536709		47801
772		122200		16536709		47801
773		122200		16536709		47801
774		122200		16536709		47801
775		122200		16536709		47801
776		122200		16536709		47801
777		122200		16536709		47801
778		122200		16536709		47801
779		122200		16536709		47801
780		122200		16536709		47801
781		122200		16536709		47801
782		122200		16536709		47801
783		122200		16536709		47801
784		122200		16536709		47801
785		122200		16536709		47801
786		122200		16536709		47801
787		122200		16536709		47801
788		122200		16536709		47801
789		122200		16536709		47801
790		122200		16536709		47801
791		122200		16536709		47801
792		122200		16536709		47801
793		122200		16536709		47801
794		122200		16536709		47801
795		122200		16536709		47801
796		122200		16536709		47801
797		122200		16536709		47801
798		122200		16536709		47801
799		122200		16536709		47801
800		122200		16536709		47801
801		122200		16536709		47801
802		122200		16536709		47801
803		122200		16536709		47801
804		122200		16536709		47801
805		122200		16536709		47801
806		122200		16536709		47801
807		122200		16536709		47801
808		122200		16536709		47801
809		122200		16536709		47801
810		122200		16536709		47801
811		122200		16536709		47801
812		122200		16536709		47801
813		122200		16536709		47801
814		122200		16536709		47801
815		122200		16536709		47801
816		122200		16536709		47801
817		122200		16536709		47801
818		122200		16536709		47801
819		122200		16536709		47801
820		122200		16536709		47801
821		122200		16536709		47801
822		122200		16536709		47801
823		122200		16536709		47801
824		122200		16536709		47801
825		122200		16536709		47801
826		122200		16536709		47801
827		122200		16536709		47801
828		122200		16536709		47801
829		122200		16536709		47801
830		122200		16536709		47801
831		122200		16536709		47801
832		122200		16536709		47801
833		122200		16536709		47801
834		122200		16536709		47801
835		122200		16536709		47801
836		122200		16536709		47801
837		122200		16536709		47801
838		122200		16536709		47801
839		122200		16536709		47801
840		122200		16536709		47801
841		122200		16536709		47801
842		122200		16536709		47801
843		122200		16536709		47801
844		122200		16536709		47801
845		122200		16536709		47801
846		122200		16536709		47801
847		122200		16536709		47801
848		122200		16536709		47801
849		122200		16536709		47801
850		122200		16536709		47801
851		122200		16536709		47801
852		122200		16536709		47801
853		122200		16536709		47801
854		122200		16536709		47801
855		122200		16536709		47801
856		122200		16536709		47801
857		122200		16536709		47801
858		122200		16536709		47801
859		122200		16536709		47801
860		122200		16536709		47801
861		122200		16536709		47801
862		122200		16536709		47801
863		122200		16536709		47801
864		122200		16536709		47801
865		122200		16536709		47801
866		122200		16536709		47801
867		122200		16536709		47801
868		122200		16536709		47801
869		122200		16536709		47801
870		122200		16536709		47801
871		122200		16536709		47801
872		122200		16536709		47801
873		122200		16536709		47801
874		122200		16536709		47801
875		122200		16536709		47801
876		122200		16536709		47801
877		122200		16536709		47801
878		122200		16536709		47801
879		122200		16536709		47801
880		122200		16536709		47801
881		122200		16536709		47801
882		122200		16536709		47801
883		122200		16536709		47801
884		122200		16536709		47801
885		122200		16536709		47801
886		122200		16536709		47801
887		122200		16536709		47801
888		122200		16536709		47801
889		122200		16536709		47801
890		122200		16536709		47801
891		122200		16536709		47801
892		122200		16536709		47801
893		122200		16536709		47801
894		122200		16536709		47801
895		122200		16536709		47801
896		122200		16536709		47801
897		122200		16536709		47801
898		122200		16536709		47801
899		122200		16536709		47801
900		122200		16536709		47801
901		122200		16536709		47801
902		122200		16536709		47801
903		122200		16536709		47801
904		122200		16536709		47801
905		122200		16536709		47801
906		122200		16536709		47801
907		122200		16536709		47801
908		122200		16536709		47801
909		122200		16536709		47801
910		122200		16536709		47801
911		122200		16536709		47801
912		122200		16536709		47801
913		122200		16536709		47801
914		122200		16536709		47801
915		122200		16536709		47801
916		122200		16536709		47801
917		122200		16536709		47801
918		122200		16536709		47801
919		122200		16536709		47801
920		122200		16536709		47801
921		122200		16536709		47801
922		122200		16536709		47801
923		122200		16536709		47801
924		122200		16536709		47801
925		122200		16536709		47801
926		122200		16536709		47801
927		122200		16536709		47801
928		122200		16536709		47801
929		122200		16536709		47801
930		122200		16536709		47801
931		122200		16536709		47801
932		122200		16536709		47801
933		122200		16536709		47801
934		122200		16536709		47801
935		122200		16536709		47801
936		122200		16536709		47801
937		122200		16536709		47801
938		122200		16536709		47801
939		122200		16536709		47801
940		122200		16536709		47801
941		122200		16536709		47801
942		122200		16536709		47801
943		122200		16536709		47801
944		122200		16536709		47801
945		122200		16536709		47801
946		122200		16536709		47801
947		122200		16536709		47801
948		122200		16536709		47801
949		122200		16536709		47801
950		122200		16536709		47801
951		122200		16536709		47801
952		122200		16536709		47801
953		122200		16536709		47801
954		122200		16536709		47801
955		122200		16536709		47801
956		122200		16536709		47801
957		122200		16536709		47801
958		122200		16536709		47801
959		122200		16536709		47801
960		122200		16536709		47801
961		122200		16536709		47801
962		122200		16536709		47801
963		122200		16536709		47801
964		122200		16536709		47801
965		122200		16536709		47801
966		122200		16536709		47801
967		122200		16536709		47801
968		122200		16536709		47801
969		122200		16536709		47801
970		122200		16536709		47801
971		122200		16536709		47801
972		122200		16536709		47801
973		122200		16536709		47801
974		122200		16536709		47801
975		122200		16536709		47801
976		122200		16536709		47801
977		122200		16536709		47801
978		122200		16536709		47801
979		122200		16536709		47801
980		122200		16536709		47801
981		122200		16536709		47801
982		122200		16536709		47801
983		122200		16536709		47801
984		122200		16536709		47801
985		122200		16536709		47801
986		122200		16536709		47801
987		122200		16536709		47801
988		122200		16536709		47801
989		122200		16536709		47801
990		122200		16536709		47801
991		122200		16536709		47801
992		122200		16536709		47801
993		122200		16536709		47801
994		122200		16536709		47801
995		122200		16536709		47801
996		122200		16536709		47801
997		122200		16536709		47801
998		122200		16536709		47801
999		122200		16536709		47801
