# Migration is number of nodes that have changed color.

Round		Edge-Cut		Swaps		Migrations		Skipped
0		589283		63409		46022
1		527743		126154		47430
2		394213		186382		47797
3		313077		244035		47501
4		265578		299972		47636
5		240071		354718		47682
6		224550		408647		47668
7		217108		462182		47627
8		210136		515192		47601
9		203749		568054		47675
10		201502		620844		47746
11		199085		673444		47624
12		196288		726040		47702
13		192826		778538		47627
14		190366		830711		47672
15		188355		882938		47664
16		186510		935134		47725
17		185314		987126		47698
18		184058		1039198		47700
19		183605		1091389		47732
20		182567		1143437		47720
21		181840		1195343		47812
22		181719		1247116		47830
23		181757		1298926		47740
24		181027		1350682		47769
25		181964		1402591		47626
26		180281		1454457		47636
27		180954		1506266		47784
28		180003		1558176		47770
29		180211		1609918		47911
30		180290		1661707		47831
31		179456		1713520		47784
32		179064		1765258		47836
33		179720		1816941		47805
34		179445		1868642		47742
35		180292		1920392		47806
36		179521		1972043		47886
37		178980		2023763		47790
38		178889		2075511		47829
39		178088		2127206		47791
40		178039		2178785		47790
41		178093		2230331		47799
42		177927		2281937		47725
43		173524		2333397		47788
44		171520		2384679		47859
45		170562		2435947		47809
46		169816		2487205		47690
47		167896		2538203		47740
48		167036		2589083		47755
49		166975		2640004		47601
50		166377		2690675		47632
51		165837		2741403		47785
52		165861		2792116		47717
53		165638		2842894		47823
54		164138		2893542		47802
55		164549		2944098		47762
56		164517		2994613		47874
57		163843		3045194		47828
58		164010		3095813		47861
59		162975		3146370		47741
60		162562		3196822		47747
61		163061		3247368		47716
62		162320		3298000		47768
63		161958		3348558		47809
64		161626		3399040		47767
65		161709		3449646		47850
66		161357		3500099		47894
67		161185		3550637		47848
68		161561		3600955		47920
69		161857		3651349		47953
70		161387		3701809		47966
71		160913		3752142		48021
72		161342		3802449		47964
73		161009		3852972		47889
74		160661		3903449		48003
75		159847		3954019		47968
76		160092		4004399		48030
77		159707		4054784		47889
78		159410		4105182		47903
79		159272		4155329		47797
80		158757		4205488		47831
81		158561		4255872		47856
82		158798		4306041		47781
83		158492		4356292		47839
84		158389		4406424		47757
85		158016		4456280		47873
86		157313		4506208		47818
87		156613		4556338		47821
88		157111		4606177		47803
89		157464		4656081		47755
90		156825		4705965		47809
91		156734		4755797		47739
92		156283		4805583		47674
93		155519		4855596		47722
94		155499		4905631		47732
95		155551		4955658		47617
96		156158		5005610		47764
97		156101		5055458		47803
98		156369		5105351		47749
99		155525		5155298		47805
100		155014		5205058		47747
101		155332		5254843		47769
102		154400		5304673		47773
103		154791		5354576		47835
104		154405		5404273		47807
105		155056		5454225		47715
106		154610		5504204		47811
107		154170		5554237		47826
108		154018		5603978		47833
109		153893		5653719		47787
110		153524		5703513		47841
111		152966		5753192		47846
112		152770		5802711		47768
113		152417		5852388		47780
114		151808		5901900		47791
115		151641		5951376		47816
116		150626		6000887		47674
117		150510		6050342		47714
118		150088		6099607		47711
119		150668		6149014		47760
120		150731		6198425		47702
121		151037		6247862		47799
122		151092		6297197		47796
123		150675		6346695		47870
124		150577		6396117		47953
125		150611		6445426		47816
126		150664		6495024		47686
127		150211		6544428		47724
128		149872		6593870		47783
129		149471		6643230		47769
130		149486		6692642		47800
131		149230		6742014		47801
132		148894		6791418		47809
133		149143		6840738		47787
134		148537		6890054		47755
135		148058		6939287		47730
136		148582		6988404		47787
137		148422		7037591		47682
138		148606		7086818		47650
139		148021		7135977		47586
140		147473		7185372		47720
141		147475		7234763		47698
142		147162		7284014		47655
143		147229		7333083		47733
144		147030		7382157		47777
145		146734		7431264		47781
146		146722		7480477		47762
147		146519		7529600		47782
148		146427		7578697		47890
149		146551		7627830		47819
150		146429		7676965		47817
151		146454		7726077		47770
152		146332		7775366		47759
153		146161		7824652		47724
154		145580		7873608		47846
155		145597		7922735		47867
156		145109		7971677		47880
157		145143		8020699		47902
158		145015		8069866		47825
159		144379		8118859		47816
160		144224		8167911		47786
161		144694		8216962		47813
162		144732		8266039		47929
163		144505		8314950		47854
164		144434		8364109		47969
165		144078		8413261		47949
166		144052		8462322		47890
167		143744		8510976		47878
168		142808		8559688		47816
169		142383		8608440		47834
170		142251		8656916		47795
171		142314		8705253		47784
172		142144		8753779		47772
173		142011		8802420		47699
174		141561		8850959		47767
175		141526		8899529		47786
176		141332		8948035		47826
177		141080		8996579		47833
178		141009		9045021		47828
179		140667		9093482		47799
180		140716		9142115		47838
181		140710		9190481		47863
182		140570		9239027		47873
183		139917		9287485		47858
184		140006		9335898		47866
185		139780		9384388		47781
186		139303		9432791		47773
187		139509		9481392		47797
188		139214		9529769		47760
189		139470		9578399		47778
190		139527		9626702		47841
191		139216		9674962		47889
192		138734		9723325		47868
193		138551		9771565		47894
194		138442		9819966		47839
195		138528		9868434		47854
196		138035		9916895		47885
197		137602		9965281		47875
198		137635		10013526		47873
199		137548		10061794		47912
200		137710		10110132		47931
201		137487		10158437		47896
202		137791		10206709		47866
203		137512		10255029		47844
204		137081		10303298		47862
205		137252		10351463		47879
206		137264		10399758		47854
207		136680		10448182		47821
208		136365		10496471		47863
209		136616		10544828		47930
210		136632		10593130		47895
211		136170		10641271		47937
212		136034		10689645		47924
213		135831		10737938		47908
214		135778		10786225		47854
215		135265		10834429		47791
216		135210		10882880		47790
217		135108		10931156		47773
218		135175		10979466		47799
219		135028		11027561		47770
220		134756		11075686		47773
221		134767		11123983		47837
222		134614		11172050		47783
223		134360		11219970		47805
224		133918		11268024		47729
225		134077		11315928		47715
226		133803		11364001		47718
227		133410		11412108		47723
228		133335		11460383		47746
229		133143		11508552		47785
230		133092		11556720		47764
231		132937		11604871		47770
232		132992		11653159		47755
233		132717		11701352		47786
234		132441		11749453		47795
235		132202		11797637		47784
236		131990		11845809		47824
237		131873		11893969		47791
238		131623		11942334		47824
239		131334		11990480		47778
240		131231		12038788		47752
241		131459		12086895		47746
242		131110		12134846		47801
243		130946		12183102		47775
244		130789		12231102		47761
245		130713		12279287		47705
246		130662		12327545		47735
247		130701		12375659		47728
248		130719		12423972		47690
249		130478		12472255		47740
250		130463		12520220		47760
251		130114		12568363		47753
252		129871		12616399		47751
253		129695		12664476		47762
254		129761		12712638		47775
255		129582		12760503		47759
256		129220		12808514		47759
257		129238		12856664		47754
258		129181		12904792		47772
259		129008		12952998		47804
260		128813		13001149		47807
261		128753		13049277		47777
262		128540		13097511		47717
263		128508		13145617		47680
264		128415		13193666		47682
265		128386		13241918		47684
266		128224		13290142		47698
267		128010		13338237		47727
268		127847		13386275		47747
269		127731		13434248		47734
270		127585		13482400		47728
271		127544		13530644		47725
272		127382		13578814		47691
273		127289		13626863		47706
274		127225		13675122		47682
275		127206		13723321		47699
276		126967		13771427		47661
277		126830		13819531		47671
278		126678		13867640		47656
279		126574		13915743		47690
280		126476		13963808		47710
281		126466		14011899		47739
282		126322		14059964		47738
283		126286		14108164		47705
284		126060		14156352		47695
285		125930		14204516		47717
286		125861		14252739		47721
287		125775		14301098		47744
288		125718		14349547		47746
289		125639		14397826		47733
290		125533		14446176		47743
291		125398		14494439		47720
292		125338		14542804		47723
293		125250		14591257		47723
294		125128		14639651		47724
295		124977		14688152		47788
296		124894		14736645		47811
297		124795		14785079		47797
298		124754		14833475		47768
299		124677		14881821		47746
300		124611		14930126		47761
301		124509		14978693		47773
302		124413		15027044		47772
303		124337		15075479		47780
304		124283		15124006		47780
305		124194		15172508		47769
306		124135		15221048		47753
307		124025		15269529		47748
308		123927		15318113		47786
309		123886		15366525		47771
310		123836		15415277		47790
311		123749		15463920		47809
312		123638		15512357		47795
313		123587		15561082		47784
314		123493		15609721		47766
315		123437		15658444		47713
316		123361		15707223		47747
317		123282		15756010		47743
318		123220		15804643		47726
319		123168		15853222		47750
320		123119		15901942		47731
321		123072		15950594		47752
322		123002		15999408		47761
323		122951		16048104		47740
324		122905		16096846		47745
325		122852		16145662		47754
326		122809		16194462		47745
327		122746		16243407		47764
328		122694		16292121		47773
329		122627		16340803		47787
330		122581		16389635		47782
331		122535		16438553		47797
332		122487		16487644		47812
333		122443		16536500		47793
334		122390		16536545		47792
335		122352		16536576		47788
336		122325		16536600		47795
337		122307		16536614		47791
338		122295		16536626		47792
339		122282		16536637		47794
340		122277		16536642		47795
341		122266		16536651		47797
342		122259		16536656		47800
343		122249		16536664		47801
344		122248		16536665		47800
345		122245		16536668		47798
346		122241		16536671		47801
347		122239		16536673		47801
348		122237		16536675		47800
349		122235		16536678		47797
350		122233		16536680		47796
351		122230		16536682		47798
352		122229		16536683		47800
353		122229		16536683		47800
354		122227		16536685		47802
355		122226		16536686		47802
356		122226		16536686		47802
357		122226		16536686		47802
358		122226		16536686		47802
359		122226		16536686		47802
360		122225		16536687		47803
361		122223		16536689		47803
362		122223		16536689		47803
363		122223		16536689		47803
364		122223		16536689		47803
365		122223		16536689		47803
366		122219		16536692		47799
367		122218		16536693		47800
368		122218		16536693		47800
369		122216		16536695		47799
370		122213		16536696		47799
371		122212		16536697		47798
372		122212		16536697		47798
373		122212		16536697		47798
374		122211		16536698		47799
375		122211		16536698		47799
376		122211		16536698		47799
377		122210		16536699		47799
378		122209		16536700		47799
379		122209		16536700		47799
380		122209		16536700		47799
381		122208		16536701		47799
382		122208		16536701		47799
383		122208		16536701		47799
384		122208		16536701		47799
385		122207		16536702		47799
386		122207		16536702		47799
387		122207		16536702		47799
388		122207		16536702		47799
389		122207		16536702		47799
390		122206		16536703		47800
391		122206		16536703		47800
392		122206		16536703		47800
393		122205		16536704		47799
394		122205		16536704		47799
395		122205		16536704		47799
396		122205		16536704		47799
397		122205		16536704		47799
398		122205		16536704		47799
399		122205		16536704		47799
400		122205		16536704		47799
401		135085		16587681		47819
402		143396		16639066		47832
403		149847		16690605		47742
404		154634		16742190		47828
405		158889		16793942		47738
406		161493		16845408		47757
407		163431		16896892		47750
408		164851		16948169		47859
409		166797		16999484		47853
410		167161		17050881		47926
411		167412		17102120		47949
412		167984		17153399		47900
413		168312		17204586		47849
414		168631		17255780		47862
415		169016		17306874		47832
416		168117		17357952		47862
417		169095		17409018		47916
418		168560		17460236		48016
419		168670		17511210		47931
420		169119		17562310		47880
421		169478		17613382		47877
422		169484		17664422		47912
423		168964		17715507		47839
424		169411		17766531		47744
425		168135		17817467		47759
426		167441		17868575		47741
427		167334		17919565		47691
428		167981		17970723		47806
429		167024		18021757		47797
430		167181		18072827		47690
431		166836		18123914		47668
432		166693		18174818		47739
433		166664		18225826		47661
434		166198		18276725		47877
435		166237		18327626		47772
436		166760		18378647		47750
437		166743		18429760		47700
438		166321		18480815		47725
439		165225		18531791		47845
440		165152		18582710		47689
441		166147		18633694		47681
442		166475		18684669		47636
443		165506		18735529		47621
444		164948		18786386		47674
445		164772		18837150		47809
446		163535		18887982		47843
447		163675		18938711		47861
448		163849		18989368		47849
449		163742		19040170		47840
450		163191		19090814		47772
451		163979		19141483		47751
452		163729		19192034		47793
453		163475		19242840		47732
454		163684		19293488		47708
455		162494		19344169		47657
456		162147		19394629		47703
457		161994		19445173		47802
458		161832		19495555		47858
459		161229		19546109		47862
460		161546		19596735		47768
461		161792		19647212		47782
462		162208		19697695		47727
463		160758		19748222		47782
464		160462		19798800		47788
465		160963		19849149		47697
466		161554		19899645		47806
467		161940		19950068		47706
468		160929		20000450		47788
469		160404		20050786		47835
470		159934		20100996		47785
471		160125		20151479		47751
472		159919		20201881		47757
473		159700		20252254		47791
474		159847		20302617		47684
475		159487		20352918		47776
476		158329		20403157		47874
477		158809		20453438		47730
478		157481		20503700		47824
479		157318		20553719		47766
480		157300		20603797		47718
481		157082		20653891		47777
482		156433		20703998		47776
483		157067		20754195		47721
484		156926		20804337		47733
485		156230		20854244		47768
486		156581		20904244		47652
487		156065		20954289		47730
488		155461		21004441		47764
489		155374		21054358		47752
490		156063		21104313		47820
491		156141		21154341		47742
492		155850		21204442		47666
493		155936		21254559		47714
494		155786		21304392		47782
495		155480		21354449		47763
496		154144		21404288		47717
497		154482		21454194		47732
498		154596		21504147		47774
499		155188		21553997		47744
500		154638		21603867		47771
501		154447		21653801		47714
502		154081		21703690		47711
503		154452		21753656		47691
504		154059		21803447		47808
505		153651		21853217		47819
506		152762		21903202		47842
507		153212		21953049		47797
508		154005		22003066		47759
509		153540		22053085		47784
510		153145		22103119		47861
511		153111		22152918		47771
512		152506		22202610		47756
513		152076		22252243		47795
514		151749		22301952		47767
515		152230		22351496		47855
516		151489		22400961		47863
517		151465		22450618		47828
518		150497		22500057		47901
519		149950		22549525		47883
520		149280		22598985		47826
521		149639		22648583		47824
522		150413		22697982		47887
523		150514		22747568		47865
524		150672		22797051		47851
525		150284		22846628		47819
526		150145		22896061		47916
527		149379		22945517		47882
528		149596		22994888		47826
529		149536		23044268		47715
530		149294		23093724		47784
531		149102		23143206		47784
532		148903		23192611		47843
533		148802		23242017		47880
534		148565		23291307		47787
535		148437		23340667		47797
536		148213		23389864		47822
537		147558		23439134		47789
538		147311		23488508		47719
539		147523		23537900		47749
540		147761		23587190		47774
541		147149		23636440		47789
542		147246		23685828		47726
543		147408		23735121		47748
544		147457		23784423		47717
545		146877		23833680		47739
546		146243		23882901		47709
547		146095		23932027		47812
548		145682		23981339		47820
549		145916		24030638		47790
550		145593		24079819		47751
551		145670		24128969		47754
552		145026		24178125		47833
553		145289		24227453		47780
554		145262		24276739		47787
555		145106		24325831		47862
556		144539		24375001		47845
557		144543		24424227		47852
558		144081		24473252		47922
559		144221		24522412		47799
560		144117		24571673		47791
561		144221		24620801		47803
562		143831		24669873		47845
563		143370		24718940		47722
564		143709		24767804		47773
565		143660		24816952		47727
566		143745		24865920		47698
567		143132		24914602		47748
568		142926		24963044		47769
569		142150		25011791		47766
570		141801		25060208		47752
571		141426		25108779		47799
572		142073		25157383		47788
573		141543		25206048		47811
574		141377		25254598		47757
575		141475		25303383		47747
576		140794		25351853		47700
577		140416		25400564		47659
578		140206		25449130		47666
579		140114		25497748		47684
580		140339		25546212		47772
581		140088		25594633		47767
582		140032		25643173		47785
583		139862		25691658		47800
584		139616		25740257		47856
585		139542		25788841		47814
586		139164		25837495		47772
587		139074		25886233		47732
588		138993		25934770		47769
589		139106		25983208		47827
590		138836		26031725		47840
591		138558		26080295		47814
592		138309		26128730		47807
593		138636		26177076		47772
594		138364		26225419		47829
595		137997		26273934		47842
596		138069		26322522		47822
597		137696		26371021		47891
598		137580		26419481		47927
599		137356		26467666		47831
600		136956		26516142		47817
601		136894		26564432		47781
602		136807		26612701		47735
603		136309		26660999		47768
604		136677		26709311		47808
605		136292		26757487		47789
606		136447		26805781		47810
607		136135		26854151		47851
608		135856		26902549		47877
609		136057		26950736		47827
610		135791		26999161		47770
611		135662		27047577		47794
612		135532		27095772		47804
613		135333		27144107		47823
614		134882		27192299		47775
615		135080		27240635		47807
616		134967		27288916		47733
617		134743		27337079		47793
618		134602		27385397		47728
619		134467		27433873		47751
620		134525		27482165		47752
621		134440		27530471		47751
622		134340		27578843		47844
623		134090		27626788		47857
624		133830		27674795		47770
625		133565		27722778		47767
626		133671		27770985		47762
627		133356		27819032		47805
628		133278		27867043		47836
629		132832		27915122		47804
630		132757		27963389		47746
631		132739		28011531		47704
632		132567		28059619		47752
633		132717		28107671		47736
634		132378		28155766		47767
635		132132		28203886		47806
636		131923		28251964		47837
637		131878		28299927		47744
638		131834		28348077		47753
639		131695		28396215		47712
640		131448		28444377		47724
641		131401		28492519		47727
642		131188		28540729		47749
643		130963		28588869		47786
644		130715		28636949		47751
645		130604		28685180		47729
646		130611		28733334		47773
647		130490		28781502		47813
648		130425		28829752		47811
649		130323		28877839		47746
650		130213		28926036		47730
651		129901		28974113		47727
652		129727		29022396		47770
653		129486		29070367		47758
654		129323		29118388		47765
655		129174		29166612		47769
656		129036		29214523		47752
657		128873		29262507		47720
658		128937		29310664		47714
659		128672		29358713		47721
660		128662		29406827		47728
661		128463		29455126		47724
662		128460		29503162		47719
663		128319		29551285		47703
664		128264		29599294		47690
665		128117		29647578		47751
666		127967		29695750		47780
667		127761		29744019		47803
668		127681		29792263		47807
669		127482		29840430		47700
670		127462		29888581		47700
671		127444		29936892		47673
672		127323		29985282		47729
673		127180		30033492		47737
674		126891		30081695		47688
675		126765		30129957		47685
676		126621		30178091		47707
677		126531		30226369		47711
678		126384		30274572		47731
679		126380		30322753		47710
680		126233		30371195		47716
681		126071		30419379		47689
682		125916		30467624		47700
683		125866		30516006		47745
684		125681		30564276		47735
685		125569		30612569		47749
686		125460		30660806		47712
687		125372		30709121		47743
688		125322		30757484		47748
689		125310		30805819		47719
690		125144		30854256		47745
691		125108		30902790		47751
692		124985		30951183		47730
693		124873		30999588		47734
694		124775		31047924		47757
695		124686		31096307		47738
696		124586		31144818		47698
697		124491		31193305		47715
698		124405		31241787		47726
699		124315		31290275		47727
700		124171		31338760		47724
701		124065		31387154		47737
702		123993		31435691		47774
703		123894		31484221		47784
704		123805		31532856		47757
705		123711		31581300		47779
706		123626		31629847		47787
707		123572		31678473		47803
708		123496		31727142		47829
709		123410		31775795		47828
710		123312		31824191		47796
711		123235		31872741		47803
712		123194		31921524		47814
713		123153		31970210		47844
714		123052		32018902		47834
715		123006		32067565		47845
716		122924		32116198		47819
717		122860		32164823		47843
718		122789		32213648		47842
719		122712		32262354		47848
720		122667		32311151		47858
721		122606		32359970		47850
722		122554		32408798		47838
723		122498		32457486		47840
724		122441		32506355		47831
725		122391		32555257		47842
726		122338		32604289		47826
727		122290		32653215		47840
728		122242		32702013		47845
729		122203		32750848		47820
730		122171		32799721		47821
731		122130		32848798		47803
732		122100		32897519		47796
733		122057		32946522		47771
734		122013		32946560		47769
735		121982		32946587		47771
736		121954		32946612		47782
737		121942		32946622		47779
738		121931		32946630		47778
739		121916		32946644		47781
740		121900		32946656		47790
741		121893		32946663		47792
742		121886		32946669		47790
743		121876		32946677		47787
744		121868		32946685		47787
745		121862		32946690		47789
746		121858		32946694		47788
747		121854		32946697		47788
748		121849		32946701		47787
749		121848		32946702		47787
750		121845		32946704		47788
751		121844		32946705		47788
752		121842		32946707		47789
753		121842		32946707		47789
754		121839		32946710		47792
755		121838		32946711		47791
756		121837		32946712		47791
757		121835		32946714		47791
758		121834		32946715		47793
759		121834		32946715		47793
760		121834		32946715		47793
761		121833		32946716		47793
762		121833		32946716		47793
763		121830		32946719		47795
764		121829		32946720		47794
765		121827		32946721		47794
766		121826		32946722		47793
767		121826		32946722		47793
768		121824		32946724		47792
769		121823		32946725		47792
770		121821		32946726		47793
771		121819		32946727		47792
772		121819		32946727		47792
773		121819		32946727		47792
774		121819		32946727		47792
775		121819		32946727		47792
776		121819		32946727		47792
777		121819		32946727		47792
778		121819		32946727		47792
779		121819		32946727		47792
780		121819		32946727		47792
781		121819		32946727		47792
782		121819		32946727		47792
783		121819		32946727		47792
784		121819		32946727		47792
785		121819		32946727		47792
786		121819		32946727		47792
787		121818		32946728		47793
788		121818		32946728		47793
789		121818		32946728		47793
790		121816		32946729		47792
791		121815		32946730		47790
792		121815		32946730		47790
793		121815		32946730		47790
794		121815		32946730		47790
795		121815		32946730		47790
796		121815		32946730		47790
797		121815		32946730		47790
798		121815		32946730		47790
799		121814		32946731		47790
800		121814		32946731		47790
801		121813		32946732		47790
802		121813		32946732		47790
803		121813		32946732		47790
804		121813		32946732		47790
805		121813		32946732		47790
806		121813		32946732		47790
807		121813		32946732		47790
808		121813		32946732		47790
809		121813		32946732		47790
810		121812		32946733		47790
811		121812		32946733		47790
812		121812		32946733		47790
813		121812		32946733		47790
814		121812		32946733		47790
815		121812		32946733		47790
816		121812		32946733		47790
817		121812		32946733		47790
818		121812		32946733		47790
819		121812		32946733		47790
820		121812		32946733		47790
821		121812		32946733		47790
822		121812		32946733		47790
823		121812		32946733		47790
824		121812		32946733		47790
825		121812		32946733		47790
826		121812		32946733		47790
827		121812		32946733		47790
828		121812		32946733		47790
829		121812		32946733		47790
830		121812		32946733		47790
831		121812		32946733		47790
832		121812		32946733		47790
833		121812		32946733		47790
834		121812		32946733		47790
835		121812		32946733		47790
836		121812		32946733		47790
837		121812		32946733		47790
838		121812		32946733		47790
839		121812		32946733		47790
840		121812		32946733		47790
841		121812		32946733		47790
842		121812		32946733		47790
843		121812		32946733		47790
844		121812		32946733		47790
845		121812		32946733		47790
846		121812		32946733		47790
847		121812		32946733		47790
848		121812		32946733		47790
849		121812		32946733		47790
850		121812		32946733		47790
851		121812		32946733		47790
852		121811		32946734		47789
853		121811		32946734		47789
854		121811		32946734		47789
855		121811		32946734		47789
856		121811		32946734		47789
857		121811		32946734		47789
858		121811		32946734		47789
859		121811		32946734		47789
860		121811		32946734		47789
861		121811		32946734		47789
862		121811		32946734		47789
863		121811		32946734		47789
864		121811		32946734		47789
865		121811		32946734		47789
866		121811		32946734		47789
867		121811		32946734		47789
868		121811		32946734		47789
869		121811		32946734		47789
870		121811		32946734		47789
871		121811		32946734		47789
872		121811		32946734		47789
873		121811		32946734		47789
874		121811		32946734		47789
875		121811		32946734		47789
876		121811		32946734		47789
877		121811		32946734		47789
878		121811		32946734		47789
879		121811		32946734		47789
880		121811		32946734		47789
881		121811		32946734		47789
882		121811		32946734		47789
883		121811		32946734		47789
884		121811		32946734		47789
885		121811		32946734		47789
886		121810		32946735		47790
887		121810		32946735		47790
888		121810		32946735		47790
889		121810		32946735		47790
890		121810		32946735		47790
891		121810		32946735		47790
892		121810		32946735		47790
893		121810		32946735		47790
894		121810		32946735		47790
895		121810		32946735		47790
896		121810		32946735		47790
897		121810		32946735		47790
898		121810		32946735		47790
899		121810		32946735		47790
900		121810		32946735		47790
901		121810		32946735		47790
902		121810		32946735		47790
903		121810		32946735		47790
904		121810		32946735		47790
905		121810		32946735		47790
906		121810		32946735		47790
907		121810		32946735		47790
908		121810		32946735		47790
909		121810		32946735		47790
910		121810		32946735		47790
911		121810		32946735		47790
912		121810		32946735		47790
913		121810		32946735		47790
914		121810		32946735		47790
915		121810		32946735		47790
916		121810		32946735		47790
917		121810		32946735		47790
918		121810		32946735		47790
919		121810		32946735		47790
920		121810		32946735		47790
921		121810		32946735		47790
922		121810		32946735		47790
923		121810		32946735		47790
924		121810		32946735		47790
925		121810		32946735		47790
926		121810		32946735		47790
927		121810		32946735		47790
928		121810		32946735		47790
929		121810		32946735		47790
930		121810		32946735		47790
931		121810		32946735		47790
932		121810		32946735		47790
933		121810		32946735		47790
934		121810		32946735		47790
935		121810		32946735		47790
936		121810		32946735		47790
937		121810		32946735		47790
938		121810		32946735		47790
939		121810		32946735		47790
940		121810		32946735		47790
941		121810		32946735		47790
942		121810		32946735		47790
943		121810		32946735		47790
944		121810		32946735		47790
945		121810		32946735		47790
946		121810		32946735		47790
947		121810		32946735		47790
948		121810		32946735		47790
949		121810		32946735		47790
950		121810		32946735		47790
951		121810		32946735		47790
952		121810		32946735		47790
953		121810		32946735		47790
954		121810		32946735		47790
955		121810		32946735		47790
956		121810		32946735		47790
957		121810		32946735		47790
958		121810		32946735		47790
959		121810		32946735		47790
960		121810		32946735		47790
961		121810		32946735		47790
962		121810		32946735		47790
963		121810		32946735		47790
964		121810		32946735		47790
965		121810		32946735		47790
966		121810		32946735		47790
967		121810		32946735		47790
968		121810		32946735		47790
969		121810		32946735		47790
970		121810		32946735		47790
971		121810		32946735		47790
972		121810		32946735		47790
973		121810		32946735		47790
974		121810		32946735		47790
975		121810		32946735		47790
976		121810		32946735		47790
977		121810		32946735		47790
978		121810		32946735		47790
979		121810		32946735		47790
980		121810		32946735		47790
981		121810		32946735		47790
982		121810		32946735		47790
983		121810		32946735		47790
984		121810		32946735		47790
985		121810		32946735		47790
986		121810		32946735		47790
987		121810		32946735		47790
988		121810		32946735		47790
989		121810		32946735		47790
990		121810		32946735		47790
991		121810		32946735		47790
992		121810		32946735		47790
993		121810		32946735		47790
994		121810		32946735		47790
995		121810		32946735		47790
996		121810		32946735		47790
997		121810		32946735		47790
998		121810		32946735		47790
999		121810		32946735		47790
1000		121810		32946735		47790
1001		121810		32946735		47790
1002		121810		32946735		47790
1003		121810		32946735		47790
1004		121810		32946735		47790
1005		121810		32946735		47790
1006		121810		32946735		47790
1007		121810		32946735		47790
1008		121810		32946735		47790
1009		121810		32946735		47790
1010		121810		32946735		47790
1011		121810		32946735		47790
1012		121810		32946735		47790
1013		121810		32946735		47790
1014		121810		32946735		47790
1015		121810		32946735		47790
1016		121810		32946735		47790
1017		121810		32946735		47790
1018		121810		32946735		47790
1019		121810		32946735		47790
1020		121810		32946735		47790
1021		121810		32946735		47790
1022		121810		32946735		47790
1023		121810		32946735		47790
1024		121810		32946735		47790
1025		121810		32946735		47790
1026		121810		32946735		47790
1027		121810		32946735		47790
1028		121810		32946735		47790
1029		121810		32946735		47790
1030		121810		32946735		47790
1031		121810		32946735		47790
1032		121810		32946735		47790
1033		121810		32946735		47790
1034		121810		32946735		47790
1035		121810		32946735		47790
1036		121810		32946735		47790
1037		121810		32946735		47790
1038		121810		32946735		47790
1039		121810		32946735		47790
1040		121810		32946735		47790
1041		121810		32946735		47790
1042		121810		32946735		47790
1043		121810		32946735		47790
1044		121810		32946735		47790
1045		121810		32946735		47790
1046		121810		32946735		47790
1047		121810		32946735		47790
1048		121810		32946735		47790
1049		121810		32946735		47790
1050		121810		32946735		47790
1051		121810		32946735		47790
1052		121810		32946735		47790
1053		121810		32946735		47790
1054		121810		32946735		47790
1055		121810		32946735		47790
1056		121810		32946735		47790
1057		121810		32946735		47790
1058		121810		32946735		47790
1059		121810		32946735		47790
1060		121810		32946735		47790
1061		121810		32946735		47790
1062		121810		32946735		47790
1063		121810		32946735		47790
1064		121810		32946735		47790
1065		121810		32946735		47790
1066		121810		32946735		47790
1067		121810		32946735		47790
1068		121810		32946735		47790
1069		121810		32946735		47790
1070		121810		32946735		47790
1071		121810		32946735		47790
1072		121810		32946735		47790
1073		121810		32946735		47790
1074		121810		32946735		47790
1075		121810		32946735		47790
1076		121810		32946735		47790
1077		121810		32946735		47790
1078		121810		32946735		47790
1079		121810		32946735		47790
1080		121810		32946735		47790
1081		121810		32946735		47790
1082		121810		32946735		47790
1083		121810		32946735		47790
1084		121810		32946735		47790
1085		121810		32946735		47790
1086		121810		32946735		47790
1087		121810		32946735		47790
1088		121810		32946735		47790
1089		121810		32946735		47790
1090		121810		32946735		47790
1091		121810		32946735		47790
1092		121810		32946735		47790
1093		121810		32946735		47790
1094		121810		32946735		47790
1095		121810		32946735		47790
1096		121810		32946735		47790
1097		121810		32946735		47790
1098		121810		32946735		47790
1099		121810		32946735		47790
1100		121810		32946735		47790
1101		121810		32946735		47790
1102		121810		32946735		47790
1103		121810		32946735		47790
1104		121810		32946735		47790
1105		121810		32946735		47790
1106		121810		32946735		47790
1107		121810		32946735		47790
1108		121810		32946735		47790
1109		121810		32946735		47790
1110		121810		32946735		47790
1111		121810		32946735		47790
1112		121810		32946735		47790
1113		121810		32946735		47790
1114		121810		32946735		47790
1115		121810		32946735		47790
1116		121810		32946735		47790
1117		121810		32946735		47790
1118		121810		32946735		47790
1119		121810		32946735		47790
1120		121810		32946735		47790
1121		121810		32946735		47790
1122		121810		32946735		47790
1123		121810		32946735		47790
1124		121810		32946735		47790
1125		121810		32946735		47790
1126		121810		32946735		47790
1127		121810		32946735		47790
1128		121810		32946735		47790
1129		121810		32946735		47790
1130		121810		32946735		47790
1131		121810		32946735		47790
1132		121810		32946735		47790
1133		121810		32946735		47790
1134		121810		32946735		47790
1135		121810		32946735		47790
1136		121810		32946735		47790
1137		121810		32946735		47790
1138		121810		32946735		47790
1139		121810		32946735		47790
1140		121810		32946735		47790
1141		121810		32946735		47790
1142		121810		32946735		47790
1143		121810		32946735		47790
1144		121810		32946735		47790
1145		121810		32946735		47790
1146		121810		32946735		47790
1147		121810		32946735		47790
1148		121810		32946735		47790
1149		121810		32946735		47790
1150		121810		32946735		47790
1151		121810		32946735		47790
1152		121810		32946735		47790
1153		121810		32946735		47790
1154		121810		32946735		47790
1155		121810		32946735		47790
1156		121810		32946735		47790
1157		121810		32946735		47790
1158		121810		32946735		47790
1159		121810		32946735		47790
1160		121810		32946735		47790
1161		121810		32946735		47790
1162		121810		32946735		47790
1163		121810		32946735		47790
1164		121810		32946735		47790
1165		121810		32946735		47790
1166		121810		32946735		47790
1167		121810		32946735		47790
1168		121810		32946735		47790
1169		121810		32946735		47790
1170		121810		32946735		47790
1171		121810		32946735		47790
1172		121810		32946735		47790
1173		121810		32946735		47790
1174		121810		32946735		47790
1175		121810		32946735		47790
1176		121810		32946735		47790
1177		121810		32946735		47790
1178		121810		32946735		47790
1179		121810		32946735		47790
1180		121810		32946735		47790
1181		121810		32946735		47790
1182		121810		32946735		47790
1183		121810		32946735		47790
1184		121810		32946735		47790
1185		121810		32946735		47790
1186		121810		32946735		47790
1187		121810		32946735		47790
1188		121810		32946735		47790
1189		121810		32946735		47790
1190		121810		32946735		47790
1191		121810		32946735		47790
1192		121810		32946735		47790
1193		121810		32946735		47790
1194		121810		32946735		47790
1195		121810		32946735		47790
1196		121810		32946735		47790
1197		121810		32946735		47790
1198		121810		32946735		47790
1199		121810		32946735		47790
1200		121810		32946735		47790
1201		121810		32946735		47790
1202		121810		32946735		47790
1203		121810		32946735		47790
1204		121810		32946735		47790
1205		121810		32946735		47790
1206		121810		32946735		47790
1207		121810		32946735		47790
1208		121810		32946735		47790
1209		121810		32946735		47790
1210		121810		32946735		47790
1211		121810		32946735		47790
1212		121810		32946735		47790
1213		121810		32946735		47790
1214		121810		32946735		47790
1215		121810		32946735		47790
1216		121810		32946735		47790
1217		121810		32946735		47790
1218		121810		32946735		47790
1219		121810		32946735		47790
1220		121810		32946735		47790
1221		121810		32946735		47790
1222		121810		32946735		47790
1223		121810		32946735		47790
1224		121810		32946735		47790
1225		121810		32946735		47790
1226		121810		32946735		47790
1227		121810		32946735		47790
1228		121810		32946735		47790
1229		121810		32946735		47790
1230		121810		32946735		47790
1231		121810		32946735		47790
1232		121810		32946735		47790
1233		121810		32946735		47790
1234		121810		32946735		47790
1235		121810		32946735		47790
1236		121810		32946735		47790
1237		121810		32946735		47790
1238		121810		32946735		47790
1239		121810		32946735		47790
1240		121810		32946735		47790
1241		121810		32946735		47790
1242		121810		32946735		47790
1243		121810		32946735		47790
1244		121810		32946735		47790
1245		121810		32946735		47790
1246		121810		32946735		47790
1247		121810		32946735		47790
1248		121810		32946735		47790
1249		121810		32946735		47790
1250		121810		32946735		47790
1251		121810		32946735		47790
1252		121810		32946735		47790
1253		121810		32946735		47790
1254		121810		32946735		47790
1255		121810		32946735		47790
1256		121810		32946735		47790
1257		121810		32946735		47790
1258		121810		32946735		47790
1259		121810		32946735		47790
1260		121810		32946735		47790
1261		121810		32946735		47790
1262		121810		32946735		47790
1263		121810		32946735		47790
1264		121810		32946735		47790
1265		121810		32946735		47790
1266		121810		32946735		47790
1267		121810		32946735		47790
1268		121810		32946735		47790
1269		121810		32946735		47790
1270		121810		32946735		47790
1271		121810		32946735		47790
1272		121810		32946735		47790
1273		121810		32946735		47790
1274		121810		32946735		47790
1275		121810		32946735		47790
1276		121810		32946735		47790
1277		121810		32946735		47790
1278		121810		32946735		47790
1279		121810		32946735		47790
1280		121810		32946735		47790
1281		121810		32946735		47790
1282		121810		32946735		47790
1283		121810		32946735		47790
1284		121810		32946735		47790
1285		121810		32946735		47790
1286		121810		32946735		47790
1287		121810		32946735		47790
1288		121810		32946735		47790
1289		121810		32946735		47790
1290		121810		32946735		47790
1291		121810		32946735		47790
1292		121810		32946735		47790
1293		121810		32946735		47790
1294		121810		32946735		47790
1295		121810		32946735		47790
1296		121810		32946735		47790
1297		121810		32946735		47790
1298		121810		32946735		47790
1299		121810		32946735		47790
1300		121810		32946735		47790
1301		121810		32946735		47790
1302		121810		32946735		47790
1303		121810		32946735		47790
1304		121810		32946735		47790
1305		121810		32946735		47790
1306		121810		32946735		47790
1307		121810		32946735		47790
1308		121810		32946735		47790
1309		121810		32946735		47790
1310		121810		32946735		47790
1311		121810		32946735		47790
1312		121810		32946735		47790
1313		121810		32946735		47790
1314		121810		32946735		47790
1315		121810		32946735		47790
1316		121810		32946735		47790
1317		121810		32946735		47790
1318		121810		32946735		47790
1319		121810		32946735		47790
1320		121810		32946735		47790
1321		121810		32946735		47790
1322		121810		32946735		47790
1323		121810		32946735		47790
1324		121810		32946735		47790
1325		121810		32946735		47790
1326		121810		32946735		47790
1327		121810		32946735		47790
1328		121810		32946735		47790
1329		121810		32946735		47790
1330		121810		32946735		47790
1331		121810		32946735		47790
1332		121810		32946735		47790
1333		121810		32946735		47790
1334		121810		32946735		47790
1335		121810		32946735		47790
1336		121810		32946735		47790
1337		121810		32946735		47790
1338		121810		32946735		47790
1339		121810		32946735		47790
1340		121810		32946735		47790
1341		121810		32946735		47790
1342		121810		32946735		47790
1343		121810		32946735		47790
1344		121810		32946735		47790
1345		121810		32946735		47790
1346		121810		32946735		47790
1347		121810		32946735		47790
1348		121810		32946735		47790
1349		121810		32946735		47790
1350		121810		32946735		47790
1351		121810		32946735		47790
1352		121810		32946735		47790
1353		121810		32946735		47790
1354		121810		32946735		47790
1355		121810		32946735		47790
1356		121810		32946735		47790
1357		121810		32946735		47790
1358		121810		32946735		47790
1359		121810		32946735		47790
1360		121810		32946735		47790
1361		121810		32946735		47790
1362		121810		32946735		47790
1363		121810		32946735		47790
1364		121810		32946735		47790
1365		121810		32946735		47790
1366		121810		32946735		47790
1367		121810		32946735		47790
1368		121810		32946735		47790
1369		121810		32946735		47790
1370		121810		32946735		47790
1371		121810		32946735		47790
1372		121810		32946735		47790
1373		121810		32946735		47790
1374		121810		32946735		47790
1375		121810		32946735		47790
1376		121810		32946735		47790
1377		121810		32946735		47790
1378		121810		32946735		47790
1379		121810		32946735		47790
1380		121810		32946735		47790
1381		121810		32946735		47790
1382		121810		32946735		47790
1383		121810		32946735		47790
1384		121810		32946735		47790
1385		121810		32946735		47790
1386		121810		32946735		47790
1387		121810		32946735		47790
1388		121810		32946735		47790
1389		121810		32946735		47790
1390		121810		32946735		47790
1391		121810		32946735		47790
1392		121810		32946735		47790
1393		121810		32946735		47790
1394		121810		32946735		47790
1395		121810		32946735		47790
1396		121810		32946735		47790
1397		121810		32946735		47790
1398		121810		32946735		47790
1399		121810		32946735		47790
1400		121810		32946735		47790
1401		121810		32946735		47790
1402		121810		32946735		47790
1403		121810		32946735		47790
1404		121810		32946735		47790
1405		121810		32946735		47790
1406		121810		32946735		47790
1407		121810		32946735		47790
1408		121810		32946735		47790
1409		121810		32946735		47790
1410		121810		32946735		47790
1411		121810		32946735		47790
1412		121810		32946735		47790
1413		121810		32946735		47790
1414		121810		32946735		47790
1415		121810		32946735		47790
1416		121810		32946735		47790
1417		121810		32946735		47790
1418		121810		32946735		47790
1419		121810		32946735		47790
1420		121810		32946735		47790
1421		121810		32946735		47790
1422		121810		32946735		47790
1423		121810		32946735		47790
1424		121810		32946735		47790
1425		121810		32946735		47790
1426		121810		32946735		47790
1427		121810		32946735		47790
1428		121810		32946735		47790
1429		121810		32946735		47790
1430		121810		32946735		47790
1431		121810		32946735		47790
1432		121810		32946735		47790
1433		121810		32946735		47790
1434		121810		32946735		47790
1435		121810		32946735		47790
1436		121810		32946735		47790
1437		121810		32946735		47790
1438		121810		32946735		47790
1439		121810		32946735		47790
1440		121810		32946735		47790
1441		121810		32946735		47790
1442		121810		32946735		47790
1443		121810		32946735		47790
1444		121810		32946735		47790
1445		121810		32946735		47790
1446		121810		32946735		47790
1447		121810		32946735		47790
1448		121810		32946735		47790
1449		121810		32946735		47790
1450		121810		32946735		47790
1451		121810		32946735		47790
1452		121810		32946735		47790
1453		121810		32946735		47790
1454		121810		32946735		47790
1455		121810		32946735		47790
1456		121810		32946735		47790
1457		121810		32946735		47790
1458		121810		32946735		47790
1459		121810		32946735		47790
1460		121810		32946735		47790
1461		121810		32946735		47790
1462		121810		32946735		47790
1463		121810		32946735		47790
1464		121810		32946735		47790
1465		121810		32946735		47790
1466		121810		32946735		47790
1467		121810		32946735		47790
1468		121810		32946735		47790
1469		121810		32946735		47790
1470		121810		32946735		47790
1471		121810		32946735		47790
1472		121810		32946735		47790
1473		121810		32946735		47790
1474		121810		32946735		47790
1475		121810		32946735		47790
1476		121810		32946735		47790
1477		121810		32946735		47790
1478		121810		32946735		47790
1479		121810		32946735		47790
1480		121810		32946735		47790
1481		121810		32946735		47790
1482		121810		32946735		47790
1483		121810		32946735		47790
1484		121810		32946735		47790
1485		121810		32946735		47790
1486		121810		32946735		47790
1487		121810		32946735		47790
1488		121810		32946735		47790
1489		121810		32946735		47790
1490		121810		32946735		47790
1491		121810		32946735		47790
1492		121810		32946735		47790
1493		121810		32946735		47790
1494		121810		32946735		47790
1495		121810		32946735		47790
1496		121810		32946735		47790
1497		121810		32946735		47790
1498		121810		32946735		47790
1499		121810		32946735		47790
