# Migration is number of nodes that have changed color.

Round		Edge-Cut		Swaps		Migrations		Skipped
0		589283		63409		46022
1		527743		126154		47430
2		394213		186382		47797
3		313077		244035		47501
4		265578		299972		47636
5		239478		354597		47657
6		224315		408545		47706
7		215718		461992		47845
8		207574		514966		47830
9		202161		567590		47944
10		199241		620178		47824
11		198362		672811		47730
12		196561		725280		47654
13		194113		777610		47723
14		190618		829865		47762
15		187426		881861		47878
16		185191		933904		47833
17		184818		985885		47754
18		184051		1037761		47781
19		183174		1089526		47705
20		182854		1141422		47774
21		183300		1193355		47814
22		182563		1245339		47984
23		182389		1297238		47840
24		182300		1349151		47863
25		181917		1401031		47841
26		182809		1453005		47925
27		182087		1504868		47817
28		181673		1556554		47774
29		181212		1608190		47761
30		180186		1659887		47775
31		180413		1711798		47739
32		181231		1763736		47761
33		180209		1815564		47743
34		180125		1867257		47756
35		181581		1919069		47700
36		181258		1970838		47739
37		180712		2022744		47769
38		179322		2074511		47639
39		179372		2126287		47644
40		179036		2177983		47715
41		177184		2229618		47690
42		177756		2281242		47850
43		177772		2332974		47772
44		177886		2384639		47795
45		177720		2436199		47789
46		175939		2487706		47845
47		174281		2539132		47796
48		172519		2590408		47935
49		171593		2641577		47976
50		169719		2692819		47962
51		170042		2743877		47801
52		170216		2795028		47884
53		169628		2846003		47849
54		169007		2897100		47858
55		168822		2948150		47832
56		167639		2999087		47782
57		167589		3049871		47813
58		167856		3100822		47771
59		165807		3151762		47818
60		164424		3202520		47765
61		165244		3253308		47786
62		164825		3304008		47811
63		165574		3354737		47791
64		165787		3405539		47715
65		165168		3456540		47750
66		165642		3507343		47719
67		165742		3558248		47688
68		163967		3609083		47677
69		163950		3659723		47665
70		164439		3710473		47811
71		165052		3761309		47705
72		164410		3811956		47744
73		164015		3862731		47774
74		163816		3913404		47865
75		162559		3963934		47775
76		163032		4014672		47846
77		163228		4065161		47774
78		162618		4115937		47774
79		162850		4166501		47799
80		162444		4217018		47689
81		162540		4267574		47800
82		163277		4318218		47862
83		163239		4369024		47794
84		162427		4419689		47731
85		162072		4470231		47710
86		162010		4520843		47745
87		161953		4571411		47700
88		162433		4621941		47671
89		161815		4672578		47656
90		162599		4723007		47697
91		162079		4773372		47718
92		162273		4823906		47622
93		161508		4874548		47652
94		161224		4925130		47747
95		161238		4975786		47670
96		161108		5026189		47741
97		160703		5076679		47737
98		160768		5127117		47746
99		160476		5177681		47759
100		160519		5228252		47703
101		160181		5278486		47743
102		159135		5328847		47767
103		159087		5379163		47830
104		159889		5429604		47861
105		160063		5479959		47848
106		159811		5530470		47828
107		159510		5580893		47841
108		159803		5631138		47881
109		159647		5681578		47851
110		159488		5731923		47863
111		158944		5782340		47775
112		159306		5832766		47839
113		158763		5882905		47800
114		158970		5933135		47729
115		158753		5983287		47820
116		158138		6033577		47838
117		157868		6083798		47785
118		157908		6134054		47771
119		157637		6184424		47863
120		158346		6234623		47705
121		158183		6284895		47736
122		157388		6335161		47698
123		157900		6385282		47790
124		157400		6435403		47764
125		157562		6485510		47766
126		156429		6535602		47837
127		156363		6585804		47786
128		157024		6635768		47882
129		156398		6685912		47825
130		157700		6735932		47776
131		156916		6785878		47839
132		156148		6835859		47782
133		156356		6885664		47802
134		156359		6935584		47832
135		156364		6985613		47806
136		156317		7035665		47824
137		155474		7085740		47760
138		156093		7135767		47820
139		156082		7185686		47764
140		155771		7235598		47780
141		156024		7285664		47686
142		155817		7335760		47710
143		155965		7385686		47707
144		156122		7435470		47755
145		155293		7485418		47804
146		155193		7535468		47717
147		154203		7585354		47809
148		154709		7635231		47812
149		154624		7685092		47827
150		154887		7735042		47787
151		154620		7784838		47864
152		154729		7834464		47808
153		154665		7884512		47783
154		154453		7934412		47747
155		154278		7984148		47784
156		153862		8034199		47765
157		153668		8084098		47765
158		153567		8133944		47707
159		153891		8183867		47740
160		154233		8233587		47726
161		153947		8283528		47730
162		153895		8333465		47767
163		154393		8383489		47769
164		153492		8433450		47714
165		153330		8483308		47712
166		153304		8533119		47855
167		153225		8582890		47738
168		152533		8632705		47792
169		152326		8682284		47826
170		151961		8731957		47756
171		151472		8781578		47716
172		151535		8831008		47705
173		151071		8880553		47649
174		151149		8930098		47673
175		151357		8979666		47799
176		150438		9029235		47772
177		150244		9078788		47777
178		150546		9128214		47860
179		149879		9177797		47785
180		150207		9227262		47866
181		150552		9276719		47786
182		150286		9326232		47809
183		149966		9375727		47765
184		149974		9425318		47813
185		149833		9474909		47882
186		149681		9524461		47826
187		149957		9574070		47815
188		149646		9623540		47764
189		149697		9672943		47762
190		148689		9722342		47792
191		148671		9771749		47781
192		148840		9821292		47769
193		149107		9870798		47881
194		149411		9920161		47831
195		149432		9969556		47857
196		149306		10019020		47841
197		147812		10068435		47783
198		147749		10117796		47779
199		148063		10167204		47715
200		148191		10216629		47697
201		148209		10265854		47666
202		148286		10315233		47698
203		148063		10364705		47754
204		147248		10414033		47734
205		147542		10463217		47715
206		146989		10512444		47776
207		146919		10561667		47787
208		147250		10611072		47795
209		146936		10660302		47679
210		146953		10709599		47728
211		146978		10758888		47704
212		147071		10808156		47749
213		146521		10857557		47916
214		146390		10906784		47899
215		146272		10955939		47897
216		146238		11005296		47789
217		146670		11054628		47771
218		146405		11103739		47791
219		146115		11152960		47782
220		145971		11202262		47834
221		146050		11251426		47799
222		146356		11300723		47787
223		146342		11350012		47733
224		145696		11399045		47694
225		146132		11448272		47783
226		145710		11497595		47838
227		145790		11546666		47763
228		145825		11595882		47920
229		145929		11645088		47815
230		145614		11694268		47925
231		145222		11743386		47771
232		144603		11792436		47739
233		144003		11841510		47777
234		144354		11890575		47673
235		144015		11939574		47661
236		143711		11988593		47687
237		143387		12037647		47697
238		143287		12086696		47703
239		143319		12135727		47676
240		143244		12184741		47632
241		143518		12233685		47588
242		143485		12282814		47593
243		143493		12331861		47693
244		143395		12380882		47768
245		143233		12429945		47789
246		143318		12478970		47745
247		142831		12528013		47810
248		143427		12577082		47834
249		143251		12626169		47804
250		143114		12675257		47827
251		142535		12723926		47826
252		142382		12772421		47758
253		142308		12821002		47836
254		141767		12869670		47803
255		141472		12918200		47770
256		140985		12966671		47727
257		141037		13015100		47810
258		140947		13063690		47801
259		141311		13112177		47762
260		141051		13160685		47763
261		141145		13209254		47810
262		140739		13257764		47725
263		140344		13306186		47738
264		140837		13354527		47758
265		140575		13403056		47753
266		141247		13451565		47828
267		140956		13500156		47735
268		140348		13548588		47884
269		140227		13597050		47957
270		139723		13645652		47999
271		139651		13694228		47924
272		139982		13742787		47916
273		140018		13791279		47919
274		139888		13839591		47903
275		139658		13888129		47899
276		139837		13936692		47808
277		139791		13985235		47738
278		139084		14033724		47765
279		139130		14082158		47778
280		138664		14130721		47806
281		139012		14179312		47765
282		138789		14227736		47691
283		138694		14276001		47769
284		138768		14324480		47800
285		138737		14372871		47807
286		138472		14421358		47795
287		138283		14469749		47812
288		138112		14518159		47741
289		138006		14566548		47790
290		137804		14615015		47777
291		137742		14663365		47779
292		137526		14711681		47745
293		137274		14760112		47805
294		137364		14808517		47695
295		137029		14856878		47644
296		136999		14905301		47720
297		137019		14953702		47763
298		137168		15002152		47768
299		137026		15050485		47800
300		136769		15098785		47758
301		136523		15147138		47712
302		136359		15195555		47751
303		136271		15243949		47716
304		136420		15292307		47655
305		136387		15340813		47641
306		136020		15389135		47704
307		136023		15437641		47713
308		135969		15486005		47773
309		136085		15534392		47760
310		136042		15582808		47790
311		135996		15631117		47750
312		136024		15679434		47770
313		135607		15727859		47757
314		135449		15776198		47783
315		135578		15824577		47778
316		135436		15872723		47782
317		135468		15920960		47767
318		135493		15969292		47738
319		135116		16017558		47706
320		135122		16065689		47742
321		134762		16113888		47732
322		134603		16162162		47756
323		134580		16210471		47785
324		134592		16258753		47778
325		134618		16307105		47762
326		134566		16355282		47764
327		134446		16403548		47739
328		134218		16451886		47799
329		134147		16499963		47771
330		133901		16548186		47718
331		133960		16596426		47757
332		133999		16644803		47784
333		134079		16693049		47756
334		133802		16741158		47728
335		133656		16789271		47760
336		133380		16837482		47770
337		133253		16885649		47764
338		133278		16933738		47724
339		133164		16981742		47766
340		132840		17029852		47745
341		132871		17077875		47741
342		132824		17126057		47708
343		132837		17174291		47720
344		132821		17222241		47762
345		132672		17270400		47810
346		132528		17318518		47820
347		132267		17366609		47749
348		132388		17414637		47826
349		132231		17462819		47827
350		132036		17510946		47858
351		131953		17559086		47852
352		131714		17607214		47787
353		131485		17655413		47823
354		131550		17703621		47855
355		131358		17751625		47881
356		131314		17799849		47817
357		131193		17848107		47777
358		131175		17896104		47750
359		130974		17944228		47709
360		131093		17992471		47708
361		130825		18040670		47701
362		130645		18088722		47690
363		130504		18137003		47705
364		130368		18185263		47681
365		130450		18233343		47709
366		130298		18281586		47658
367		130329		18329782		47702
368		130215		18377966		47687
369		130042		18426117		47746
370		129898		18474410		47756
371		129975		18522451		47715
372		129929		18570636		47686
373		130154		18618848		47759
374		130033		18667129		47693
375		129862		18715320		47672
376		129771		18763454		47724
377		129690		18811634		47740
378		129570		18859840		47696
379		129408		18908103		47678
380		129290		18956126		47697
381		129103		19004233		47684
382		128984		19052338		47657
383		128889		19100622		47664
384		128808		19148822		47678
385		128753		19196941		47681
386		128621		19245137		47703
387		128430		19293378		47723
388		128345		19341459		47754
389		128259		19389529		47733
390		128337		19437732		47777
391		128456		19485923		47763
392		128329		19534110		47738
393		128188		19582173		47794
394		127936		19630312		47773
395		127833		19678470		47804
396		127763		19726635		47771
397		127685		19774656		47764
398		127602		19822892		47807
399		127592		19871259		47829
400		127550		19919488		47833
401		127502		19967578		47811
402		127257		20015705		47829
403		127151		20063726		47847
404		127081		20112041		47871
405		126997		20160124		47844
406		126949		20208344		47829
407		126915		20256631		47817
408		126751		20304740		47842
409		126646		20352779		47834
410		126627		20400886		47812
411		126543		20449046		47795
412		126309		20497261		47820
413		126356		20545705		47797
414		126310		20593874		47839
415		126174		20642097		47853
416		126150		20690423		47829
417		126115		20738603		47834
418		125974		20786979		47869
419		125815		20835179		47828
420		125796		20883353		47822
421		125691		20931587		47841
422		125657		20979741		47843
423		125574		21028019		47862
424		125430		21076248		47848
425		125342		21124520		47824
426		125292		21172937		47866
427		125200		21221163		47872
428		125124		21269534		47859
429		125007		21317779		47845
430		124998		21366090		47838
431		124941		21414288		47837
432		124939		21462749		47811
433		124885		21511117		47802
434		124817		21559371		47825
435		124718		21607753		47861
436		124671		21656204		47883
437		124674		21704608		47876
438		124537		21752942		47853
439		124548		21801255		47856
440		124428		21849651		47866
441		124371		21898083		47882
442		124296		21946569		47889
443		124227		21995060		47879
444		124159		22043677		47839
445		124129		22092232		47799
446		124070		22140714		47782
447		123983		22189262		47824
448		123902		22237762		47812
449		123840		22286124		47801
450		123786		22334664		47766
451		123709		22383192		47774
452		123652		22431959		47757
453		123618		22480639		47729
454		123509		22529098		47733
455		123507		22577625		47737
456		123458		22626228		47730
457		123403		22674854		47741
458		123360		22723562		47718
459		123289		22772376		47743
460		123220		22821121		47754
461		123208		22869913		47775
462		123125		22918519		47782
463		123077		22967133		47791
464		123012		23015838		47782
465		122941		23064639		47757
466		122892		23113403		47774
467		122805		23162181		47771
468		122747		23210835		47804
469		122712		23259670		47793
470		122664		23308433		47805
471		122617		23357209		47815
472		122567		23405930		47813
473		122511		23454875		47813
474		122460		23503590		47810
475		122426		23552407		47803
476		122382		23601343		47786
477		122344		23650246		47774
478		122308		23699056		47775
479		122282		23747973		47765
480		122238		23796786		47748
481		122204		23845633		47738
482		122176		23894464		47738
483		122129		23943190		47710
484		122098		23992298		47720
485		122068		24041198		47708
486		122026		24090192		47729
487		122008		24139071		47714
488		121968		24188119		47708
489		121931		24237204		47704
490		121899		24286176		47711
491		121869		24335197		47751
492		121845		24384169		47752
493		121829		24433096		47765
494		121804		24482337		47763
495		121780		24531390		47785
496		121751		24580611		47784
497		121724		24629643		47771
498		121694		24678502		47776
499		121672		24727564		47783
500		121649		24776486		47772
501		134316		24827452		47750
502		142123		24878760		47738
503		148634		24930229		47714
504		153358		24981787		47713
505		157178		25033359		47707
506		160087		25084795		47757
507		161568		25136151		47738
508		163458		25187422		47798
509		165057		25238941		47844
510		165822		25290199		47885
511		166705		25341572		47827
512		166654		25392711		47882
513		166320		25443838		47771
514		168237		25494953		47751
515		168694		25546158		47701
516		167629		25597353		47712
517		167153		25648518		47742
518		166927		25699573		47645
519		168593		25750525		47814
520		168644		25801586		47837
521		169661		25852661		47762
522		169703		25903928		47745
523		169105		25954944		47832
524		169034		26006099		47783
525		168978		26057292		47749
526		168328		26108385		47864
527		168309		26159570		47871
528		168680		26210759		47834
529		168241		26261884		47742
530		167394		26312836		47763
531		167983		26363932		47756
532		167479		26415074		47887
533		167074		26466163		47884
534		168583		26517062		47842
535		167634		26568234		47866
536		167009		26619333		47839
537		167936		26670545		47810
538		167996		26721659		47900
539		167347		26772761		47882
540		166890		26823604		47879
541		167091		26874555		47827
542		167403		26925426		47919
543		167075		26976216		47737
544		167038		27027206		47801
545		167627		27078221		47758
546		166768		27129181		47695
547		167212		27180185		47724
548		166065		27231027		47781
549		165739		27281781		47759
550		165927		27332678		47700
551		166361		27383563		47771
552		166418		27434473		47799
553		164604		27485282		47865
554		165206		27536081		47911
555		164383		27586801		47795
556		164126		27637601		47671
557		164405		27688301		47729
558		164937		27739031		47844
559		164733		27789765		47746
560		165009		27840569		47817
561		165412		27891250		47775
562		164632		27942088		47735
563		164911		27992958		47745
564		164639		28043693		47741
565		163800		28094439		47769
566		164953		28145270		47976
567		164304		28196003		47857
568		164828		28246762		47817
569		164072		28297486		47805
570		163193		28348233		47852
571		164126		28398808		47754
572		164620		28449499		47643
573		164120		28500153		47677
574		163892		28550879		47609
575		163395		28601474		47653
576		162663		28652085		47625
577		162267		28702778		47686
578		162237		28753451		47784
579		163234		28804160		47726
580		163680		28854783		47775
581		162833		28905575		47709
582		162288		28956229		47716
583		162813		29006741		47774
584		163034		29057291		47733
585		162410		29107766		47802
586		162564		29158512		47770
587		162292		29208980		47872
588		162173		29259404		47900
589		161921		29309841		47819
590		161766		29360295		47749
591		161588		29410755		47802
592		162070		29461412		47840
593		161025		29511839		47885
594		161228		29562278		47916
595		160852		29612942		47775
596		160914		29663488		47782
597		160801		29713935		47810
598		160852		29764387		47804
599		161480		29814872		47793
600		160621		29865424		47878
601		160337		29915978		47946
602		159577		29966459		47859
603		159106		30016839		47836
604		159112		30067074		47813
605		159664		30117314		47825
606		159562		30167848		47786
607		159477		30218072		47802
608		158541		30268446		47798
609		159299		30318713		47849
610		160137		30369204		47852
611		159910		30419622		47750
612		159606		30470040		47788
613		159778		30520413		47765
614		159264		30570815		47811
615		158982		30621200		47805
616		158489		30671523		47874
617		157978		30721736		47730
618		157986		30771738		47734
619		157798		30821954		47837
620		157674		30872238		47789
621		158046		30922338		47687
622		156993		30972571		47646
623		157101		31022878		47682
624		157115		31073024		47693
625		157517		31123189		47783
626		156673		31173394		47836
627		156365		31223379		47872
628		156777		31273453		47815
629		156418		31323458		47834
630		156230		31373369		47810
631		156126		31423561		47835
632		155895		31473695		47794
633		155988		31523665		47790
634		156177		31573789		47808
635		155036		31623849		47806
636		154325		31673852		47851
637		155044		31723735		47781
638		155464		31773684		47761
639		155261		31823635		47726
640		155470		31873694		47784
641		156167		31923683		47753
642		156171		31973759		47810
643		155444		32023596		47832
644		154969		32073585		47756
645		154799		32123563		47750
646		154072		32173400		47868
647		154719		32223115		47900
648		154457		32273132		47784
649		154422		32322836		47730
650		153958		32372736		47749
651		153902		32422674		47903
652		153901		32472560		47792
653		153038		32522497		47736
654		153293		32572253		47810
655		153608		32622133		47760
656		153052		32671988		47758
657		153121		32721816		47764
658		153388		32771675		47791
659		153718		32821420		47778
660		153168		32871037		47770
661		153577		32920692		47749
662		153435		32970485		47689
663		152965		33020203		47676
664		153110		33070072		47724
665		153514		33119975		47743
666		153590		33169913		47692
667		152676		33219496		47789
668		152105		33269122		47711
669		151772		33318751		47765
670		151833		33368332		47839
671		151817		33417843		47816
672		151537		33467295		47767
673		150944		33516873		47700
674		150323		33566492		47748
675		150670		33615950		47754
676		150582		33665418		47821
677		149981		33714831		47766
678		149985		33764330		47737
679		149808		33813864		47614
680		150068		33863546		47697
681		150291		33913162		47745
682		150423		33962662		47777
683		149979		34012217		47852
684		150494		34061731		47802
685		149856		34111352		47862
686		149946		34160959		47774
687		149996		34210514		47748
688		149721		34259903		47820
689		149801		34309384		47912
690		149777		34358799		47814
691		149813		34408351		47831
692		149979		34458121		47779
693		149238		34507792		47718
694		149569		34557348		47630
695		149720		34606798		47631
696		149342		34656056		47636
697		149203		34705459		47682
698		148634		34754774		47757
699		148750		34804028		47764
700		148383		34853378		47670
701		148419		34902588		47816
702		148152		34951957		47799
703		147651		35001233		47753
704		147663		35050496		47907
705		147445		35099653		47886
706		147179		35148936		47829
707		147058		35198296		47807
708		147455		35247565		47835
709		147490		35296933		47765
710		147063		35346267		47764
711		146824		35395615		47764
712		146714		35444991		47749
713		147001		35494348		47754
714		147169		35543572		47769
715		146729		35592745		47821
716		146556		35642048		47800
717		146311		35691359		47804
718		147058		35740629		47823
719		147175		35789762		47807
720		146628		35839154		47896
721		146386		35888446		47784
722		146516		35937697		47729
723		146527		35986805		47772
724		146106		36035893		47716
725		146001		36085017		47692
726		145110		36134127		47767
727		144608		36183266		47818
728		145012		36232382		47811
729		144955		36281540		47796
730		145273		36330601		47724
731		145281		36379717		47688
732		145374		36429069		47722
733		145427		36478216		47809
734		145275		36527280		47824
735		144504		36576473		47876
736		145159		36625685		47816
737		144809		36674868		47809
738		144359		36724104		47755
739		144004		36773229		47725
740		143655		36822423		47645
741		143265		36871283		47744
742		143531		36920422		47748
743		143408		36969492		47785
744		143362		37018537		47800
745		143790		37067757		47793
746		143727		37116861		47797
747		143535		37165910		47854
748		143602		37215089		47887
749		143766		37264316		47855
750		143755		37313298		47859
751		143282		37361871		47780
752		142246		37410442		47785
753		142326		37458977		47718
754		142243		37507541		47787
755		141928		37555975		47830
756		141811		37604562		47815
757		141646		37653096		47795
758		141582		37701619		47785
759		141400		37750072		47725
760		141246		37798752		47739
761		140681		37847314		47807
762		140850		37895811		47825
763		140935		37944384		47760
764		140499		37992997		47795
765		140798		38041461		47769
766		140769		38089922		47720
767		140266		38138480		47698
768		140646		38186905		47711
769		140111		38235441		47721
770		139907		38283938		47712
771		139811		38332363		47686
772		139732		38380686		47675
773		139740		38429125		47727
774		139601		38477646		47788
775		140081		38526197		47802
776		139954		38574657		47755
777		139682		38623219		47754
778		139505		38671495		47792
779		139367		38719990		47781
780		138932		38768475		47762
781		139132		38817011		47713
782		138959		38865591		47701
783		138640		38913983		47718
784		138617		38962436		47700
785		138845		39010750		47720
786		138752		39059075		47770
787		138427		39107557		47709
788		138193		39155835		47736
789		138432		39204297		47742
790		138212		39252591		47786
791		137861		39300881		47766
792		137756		39349316		47790
793		137893		39397391		47799
794		137839		39445660		47812
795		137606		39493902		47776
796		137389		39542325		47805
797		137213		39590600		47806
798		137405		39639011		47759
799		137398		39687642		47812
800		137496		39736355		47743
801		137539		39784769		47744
802		137080		39833120		47801
803		136654		39881505		47821
804		136380		39929857		47803
805		136236		39978145		47766
806		136191		40026415		47762
807		135894		40074755		47730
808		136072		40123109		47698
809		136046		40171419		47702
810		136006		40219747		47745
811		136201		40268058		47652
812		135999		40316482		47640
813		135556		40364836		47693
814		135441		40413193		47684
815		135482		40461356		47669
816		135227		40509520		47731
817		135297		40557845		47739
818		135003		40606137		47724
819		135042		40654511		47686
820		134838		40703048		47697
821		134643		40751403		47734
822		134725		40799759		47800
823		134941		40848271		47801
824		134786		40896673		47827
825		134839		40945010		47837
826		134691		40993277		47839
827		134611		41041590		47867
828		134675		41089907		47869
829		134749		41138232		47862
830		134728		41186635		47822
831		134790		41235000		47874
832		134785		41283307		47875
833		134570		41331629		47894
834		134013		41379857		47877
835		133873		41427967		47850
836		133619		41476172		47787
837		133567		41524339		47804
838		133387		41572435		47830
839		133335		41620521		47819
840		133263		41668522		47821
841		133024		41716597		47811
842		132786		41764452		47818
843		132727		41812535		47817
844		132661		41860762		47833
845		132471		41908849		47757
846		132334		41957127		47717
847		132349		42005411		47772
848		132211		42053760		47804
849		132264		42102041		47761
850		132045		42150236		47765
851		131857		42198506		47769
852		131964		42246728		47782
853		131896		42295008		47746
854		131973		42343066		47725
855		131882		42391327		47704
856		131763		42439575		47692
857		131429		42487835		47669
858		131302		42536018		47691
859		131221		42584262		47728
860		130985		42632477		47735
861		130963		42680695		47736
862		130861		42728912		47763
863		130602		42777094		47777
864		130698		42825266		47768
865		130651		42873368		47812
866		130392		42921630		47786
867		130477		42969903		47760
868		130312		43018181		47767
869		130334		43066413		47804
870		130185		43114583		47781
871		130237		43162775		47734
872		130016		43211019		47731
873		129897		43259347		47740
874		129985		43307745		47716
875		129887		43356205		47722
876		129810		43404323		47755
877		129496		43452639		47796
878		129433		43500857		47773
879		129195		43549070		47787
880		129239		43597277		47808
881		129193		43645306		47830
882		129084		43693463		47837
883		129088		43741674		47823
884		128922		43789939		47839
885		128765		43837972		47821
886		128620		43886231		47794
887		128623		43934380		47773
888		128447		43982651		47739
889		128332		44030836		47740
890		128258		44079046		47731
891		128324		44127116		47700
892		128335		44175278		47731
893		128187		44223629		47684
894		128143		44271660		47666
895		128004		44319985		47682
896		127956		44368274		47705
897		127771		44416646		47739
898		127801		44464904		47695
899		127920		44513148		47695
900		127818		44561323		47702
901		127750		44609542		47728
902		127656		44657759		47726
903		127545		44706041		47727
904		127409		44754411		47705
905		127235		44802910		47679
906		127089		44851246		47674
907		127006		44899606		47636
908		126898		44947800		47718
909		126829		44996062		47732
910		126727		45044320		47757
911		126617		45092774		47750
912		126577		45140976		47741
913		126506		45189348		47717
914		126413		45237626		47720
915		126316		45285983		47732
916		126265		45334396		47739
917		126188		45382747		47772
918		126190		45431255		47810
919		126033		45479759		47799
920		125950		45528162		47832
921		125851		45576661		47815
922		125785		45625173		47848
923		125788		45673569		47806
924		125719		45722005		47790
925		125600		45770456		47813
926		125507		45818896		47797
927		125458		45867370		47778
928		125354		45915848		47792
929		125370		45964313		47792
930		125237		46012894		47790
931		125160		46061471		47815
932		125072		46109945		47829
933		124927		46158353		47821
934		124908		46206687		47865
935		124867		46255127		47841
936		124822		46303655		47839
937		124769		46352180		47846
938		124721		46400827		47862
939		124589		46449507		47855
940		124546		46497989		47879
941		124504		46546489		47863
942		124443		46594952		47828
943		124343		46643586		47845
944		124262		46692203		47830
945		124228		46740772		47796
946		124139		46789367		47833
947		124088		46837966		47815
948		124029		46886659		47783
949		123980		46935410		47761
950		123933		46984156		47782
951		123826		47032802		47743
952		123784		47081411		47740
953		123711		47130054		47759
954		123642		47178736		47755
955		123618		47227352		47769
956		123569		47276127		47786
957		123491		47324686		47744
958		123417		47373461		47759
959		123400		47422382		47766
960		123331		47471142		47755
961		123264		47519919		47746
962		123194		47568721		47723
963		123149		47617421		47752
964		123077		47666267		47793
965		123050		47715088		47765
966		122993		47764029		47761
967		122930		47812829		47755
968		122884		47861656		47790
969		122841		47910562		47792
970		122795		47959337		47797
971		122732		48008187		47785
972		122672		48057001		47792
973		122611		48105980		47810
974		122560		48154906		47816
975		122519		48203884		47830
976		122487		48252924		47819
977		122440		48302045		47816
978		122379		48351017		47807
979		122344		48400103		47790
980		122305		48449108		47789
981		122265		48498036		47777
982		122233		48547044		47778
983		122201		48596058		47781
984		122162		48645216		47783
985		122141		48694140		47782
986		122105		48743272		47790
987		122061		48792382		47790
988		122023		48841458		47790
989		121987		48890455		47802
990		121953		48939557		47800
991		121912		48988681		47813
992		121891		49037832		47831
993		121865		49086970		47828
994		121846		49136092		47850
995		121804		49185330		47860
996		121775		49234445		47844
997		121756		49283700		47825
998		121733		49332964		47822
999		121709		49382086		47840
1000		121683		49431505		47836
1001		121668		49431518		47829
1002		121653		49431531		47827
1003		121637		49431545		47826
1004		121627		49431554		47829
1005		121615		49431565		47830
1006		121612		49431568		47830
1007		121600		49431579		47829
1008		121600		49431579		47829
1009		121593		49431585		47828
1010		121584		49431593		47823
1011		121576		49431600		47821
1012		121572		49431602		47822
1013		121569		49431605		47824
1014		121564		49431609		47824
1015		121562		49431611		47824
1016		121558		49431615		47824
1017		121556		49431617		47826
1018		121555		49431618		47826
1019		121552		49431621		47826
1020		121551		49431622		47827
1021		121548		49431625		47826
1022		121548		49431625		47826
1023		121547		49431626		47826
1024		121546		49431627		47826
1025		121546		49431627		47826
1026		121546		49431627		47826
1027		121544		49431628		47827
1028		121543		49431629		47827
1029		121542		49431630		47825
1030		121541		49431631		47826
1031		121541		49431631		47826
1032		121539		49431633		47826
1033		121539		49431633		47826
1034		121538		49431634		47827
1035		121536		49431636		47826
1036		121535		49431637		47827
1037		121532		49431639		47828
1038		121531		49431640		47829
1039		121531		49431640		47829
1040		121531		49431640		47829
1041		121532		49431641		47829
1042		121532		49431641		47829
1043		121530		49431642		47829
1044		121529		49431643		47829
1045		121529		49431643		47829
1046		121529		49431643		47829
1047		121528		49431644		47830
1048		121527		49431645		47831
1049		121527		49431645		47831
1050		121527		49431645		47831
1051		121527		49431645		47831
1052		121527		49431645		47831
1053		121527		49431645		47831
1054		121526		49431646		47830
1055		121526		49431646		47830
1056		121526		49431646		47830
1057		121526		49431646		47830
1058		121526		49431646		47830
1059		121526		49431646		47830
1060		121526		49431646		47830
1061		121526		49431646		47830
1062		121526		49431646		47830
1063		121526		49431646		47830
1064		121526		49431646		47830
1065		121526		49431646		47830
1066		121525		49431647		47830
1067		121525		49431647		47830
1068		121525		49431647		47830
1069		121525		49431647		47830
1070		121525		49431647		47830
1071		121524		49431648		47829
1072		121524		49431648		47829
1073		121523		49431649		47827
1074		121522		49431650		47826
1075		121522		49431650		47826
1076		121522		49431650		47826
1077		121522		49431650		47826
1078		121522		49431650		47826
1079		121522		49431650		47826
1080		121522		49431650		47826
1081		121522		49431650		47826
1082		121522		49431650		47826
1083		121522		49431650		47826
1084		121521		49431651		47826
1085		121521		49431651		47826
1086		121521		49431651		47826
1087		121521		49431651		47826
1088		121521		49431651		47826
1089		121521		49431651		47826
1090		121521		49431651		47826
1091		121521		49431651		47826
1092		121521		49431651		47826
1093		121521		49431651		47826
1094		121521		49431651		47826
1095		121521		49431651		47826
1096		121521		49431651		47826
1097		121521		49431651		47826
1098		121521		49431651		47826
1099		121521		49431651		47826
1100		121521		49431651		47826
1101		121521		49431651		47826
1102		121521		49431651		47826
1103		121521		49431651		47826
1104		121521		49431651		47826
1105		121521		49431651		47826
1106		121521		49431651		47826
1107		121521		49431651		47826
1108		121521		49431651		47826
1109		121521		49431651		47826
1110		121521		49431651		47826
1111		121521		49431651		47826
1112		121521		49431651		47826
1113		121521		49431651		47826
1114		121521		49431651		47826
1115		121521		49431651		47826
1116		121521		49431651		47826
1117		121521		49431651		47826
1118		121521		49431651		47826
1119		121521		49431651		47826
1120		121521		49431651		47826
1121		121521		49431651		47826
1122		121521		49431651		47826
1123		121521		49431651		47826
1124		121521		49431651		47826
1125		121521		49431651		47826
1126		121521		49431651		47826
1127		121521		49431651		47826
1128		121521		49431651		47826
1129		121521		49431651		47826
1130		121521		49431651		47826
1131		121521		49431651		47826
1132		121521		49431651		47826
1133		121521		49431651		47826
1134		121521		49431651		47826
1135		121521		49431651		47826
1136		121521		49431651		47826
1137		121521		49431651		47826
1138		121521		49431651		47826
1139		121521		49431651		47826
1140		121521		49431651		47826
1141		121521		49431651		47826
1142		121521		49431651		47826
1143		121521		49431651		47826
1144		121521		49431651		47826
1145		121521		49431651		47826
1146		121521		49431651		47826
1147		121521		49431651		47826
1148		121521		49431651		47826
1149		121521		49431651		47826
1150		121521		49431651		47826
1151		121521		49431651		47826
1152		121521		49431651		47826
1153		121521		49431651		47826
1154		121521		49431651		47826
1155		121521		49431651		47826
1156		121521		49431651		47826
1157		121521		49431651		47826
1158		121521		49431651		47826
1159		121521		49431651		47826
1160		121521		49431651		47826
1161		121521		49431651		47826
1162		121521		49431651		47826
1163		121521		49431651		47826
1164		121521		49431651		47826
1165		121521		49431651		47826
1166		121521		49431651		47826
1167		121521		49431651		47826
1168		121521		49431651		47826
1169		121521		49431651		47826
1170		121521		49431651		47826
1171		121521		49431651		47826
1172		121521		49431651		47826
1173		121521		49431651		47826
1174		121521		49431651		47826
1175		121521		49431651		47826
1176		121521		49431651		47826
1177		121521		49431651		47826
1178		121521		49431651		47826
1179		121521		49431651		47826
1180		121521		49431651		47826
1181		121521		49431651		47826
1182		121521		49431651		47826
1183		121521		49431651		47826
1184		121521		49431651		47826
1185		121521		49431651		47826
1186		121521		49431651		47826
1187		121521		49431651		47826
1188		121521		49431651		47826
1189		121521		49431651		47826
1190		121521		49431651		47826
1191		121521		49431651		47826
1192		121521		49431651		47826
1193		121521		49431651		47826
1194		121521		49431651		47826
1195		121521		49431651		47826
1196		121521		49431651		47826
1197		121521		49431651		47826
1198		121521		49431651		47826
1199		121521		49431651		47826
1200		121521		49431651		47826
1201		121521		49431651		47826
1202		121521		49431651		47826
1203		121521		49431651		47826
1204		121521		49431651		47826
1205		121521		49431651		47826
1206		121521		49431651		47826
1207		121521		49431651		47826
1208		121521		49431651		47826
1209		121521		49431651		47826
1210		121521		49431651		47826
1211		121521		49431651		47826
1212		121521		49431651		47826
1213		121521		49431651		47826
1214		121521		49431651		47826
1215		121521		49431651		47826
1216		121521		49431651		47826
1217		121521		49431651		47826
1218		121521		49431651		47826
1219		121521		49431651		47826
1220		121521		49431651		47826
1221		121521		49431651		47826
1222		121521		49431651		47826
1223		121521		49431651		47826
1224		121521		49431651		47826
1225		121521		49431651		47826
1226		121521		49431651		47826
1227		121521		49431651		47826
1228		121521		49431651		47826
1229		121521		49431651		47826
1230		121521		49431651		47826
1231		121521		49431651		47826
1232		121521		49431651		47826
1233		121521		49431651		47826
1234		121521		49431651		47826
1235		121521		49431651		47826
1236		121521		49431651		47826
1237		121521		49431651		47826
1238		121521		49431651		47826
1239		121521		49431651		47826
1240		121521		49431651		47826
1241		121521		49431651		47826
1242		121521		49431651		47826
1243		121521		49431651		47826
1244		121521		49431651		47826
1245		121521		49431651		47826
1246		121521		49431651		47826
1247		121521		49431651		47826
1248		121521		49431651		47826
1249		121521		49431651		47826
1250		121521		49431651		47826
1251		121521		49431651		47826
1252		121521		49431651		47826
1253		121521		49431651		47826
1254		121521		49431651		47826
1255		121521		49431651		47826
1256		121521		49431651		47826
1257		121521		49431651		47826
1258		121521		49431651		47826
1259		121521		49431651		47826
1260		121521		49431651		47826
1261		121521		49431651		47826
1262		121521		49431651		47826
1263		121521		49431651		47826
1264		121521		49431651		47826
1265		121521		49431651		47826
1266		121521		49431651		47826
1267		121521		49431651		47826
1268		121521		49431651		47826
1269		121521		49431651		47826
1270		121521		49431651		47826
1271		121521		49431651		47826
1272		121521		49431651		47826
1273		121521		49431651		47826
1274		121521		49431651		47826
1275		121521		49431651		47826
1276		121521		49431651		47826
1277		121521		49431651		47826
1278		121521		49431651		47826
1279		121521		49431651		47826
1280		121521		49431651		47826
1281		121521		49431651		47826
1282		121521		49431651		47826
1283		121521		49431651		47826
1284		121521		49431651		47826
1285		121521		49431651		47826
1286		121521		49431651		47826
1287		121521		49431651		47826
1288		121521		49431651		47826
1289		121521		49431651		47826
1290		121521		49431651		47826
1291		121521		49431651		47826
1292		121521		49431651		47826
1293		121521		49431651		47826
1294		121521		49431651		47826
1295		121521		49431651		47826
1296		121521		49431651		47826
1297		121521		49431651		47826
1298		121521		49431651		47826
1299		121521		49431651		47826
1300		121521		49431651		47826
1301		121521		49431651		47826
1302		121521		49431651		47826
1303		121521		49431651		47826
1304		121521		49431651		47826
1305		121521		49431651		47826
1306		121521		49431651		47826
1307		121521		49431651		47826
1308		121521		49431651		47826
1309		121521		49431651		47826
1310		121521		49431651		47826
1311		121521		49431651		47826
1312		121521		49431651		47826
1313		121521		49431651		47826
1314		121521		49431651		47826
1315		121521		49431651		47826
1316		121521		49431651		47826
1317		121521		49431651		47826
1318		121521		49431651		47826
1319		121521		49431651		47826
1320		121521		49431651		47826
1321		121521		49431651		47826
1322		121521		49431651		47826
1323		121521		49431651		47826
1324		121521		49431651		47826
1325		121521		49431651		47826
1326		121521		49431651		47826
1327		121521		49431651		47826
1328		121521		49431651		47826
1329		121521		49431651		47826
1330		121521		49431651		47826
1331		121521		49431651		47826
1332		121521		49431651		47826
1333		121521		49431651		47826
1334		121521		49431651		47826
1335		121521		49431651		47826
1336		121521		49431651		47826
1337		121521		49431651		47826
1338		121521		49431651		47826
1339		121521		49431651		47826
1340		121521		49431651		47826
1341		121521		49431651		47826
1342		121521		49431651		47826
1343		121521		49431651		47826
1344		121521		49431651		47826
1345		121521		49431651		47826
1346		121521		49431651		47826
1347		121521		49431651		47826
1348		121521		49431651		47826
1349		121521		49431651		47826
1350		121521		49431651		47826
1351		121521		49431651		47826
1352		121521		49431651		47826
1353		121521		49431651		47826
1354		121521		49431651		47826
1355		121521		49431651		47826
1356		121521		49431651		47826
1357		121521		49431651		47826
1358		121521		49431651		47826
1359		121521		49431651		47826
1360		121521		49431651		47826
1361		121521		49431651		47826
1362		121521		49431651		47826
1363		121521		49431651		47826
1364		121521		49431651		47826
1365		121521		49431651		47826
1366		121521		49431651		47826
1367		121521		49431651		47826
1368		121521		49431651		47826
1369		121521		49431651		47826
1370		121521		49431651		47826
1371		121521		49431651		47826
1372		121521		49431651		47826
1373		121521		49431651		47826
1374		121521		49431651		47826
1375		121521		49431651		47826
1376		121521		49431651		47826
1377		121521		49431651		47826
1378		121521		49431651		47826
1379		121521		49431651		47826
1380		121521		49431651		47826
1381		121521		49431651		47826
1382		121521		49431651		47826
1383		121521		49431651		47826
1384		121521		49431651		47826
1385		121520		49431652		47827
1386		121520		49431652		47827
1387		121520		49431652		47827
1388		121520		49431652		47827
1389		121519		49431653		47827
1390		121519		49431653		47827
1391		121519		49431653		47827
1392		121519		49431653		47827
1393		121519		49431653		47827
1394		121519		49431653		47827
1395		121519		49431653		47827
1396		121519		49431653		47827
1397		121519		49431653		47827
1398		121519		49431653		47827
1399		121519		49431653		47827
1400		121519		49431653		47827
1401		121519		49431653		47827
1402		121519		49431653		47827
1403		121519		49431653		47827
1404		121519		49431653		47827
1405		121519		49431653		47827
1406		121519		49431653		47827
1407		121519		49431653		47827
1408		121519		49431653		47827
1409		121519		49431653		47827
1410		121519		49431653		47827
1411		121519		49431653		47827
1412		121519		49431653		47827
1413		121519		49431653		47827
1414		121519		49431653		47827
1415		121519		49431653		47827
1416		121519		49431653		47827
1417		121519		49431653		47827
1418		121519		49431653		47827
1419		121519		49431653		47827
1420		121519		49431653		47827
1421		121519		49431653		47827
1422		121519		49431653		47827
1423		121519		49431653		47827
1424		121519		49431653		47827
1425		121519		49431653		47827
1426		121519		49431653		47827
1427		121519		49431653		47827
1428		121519		49431653		47827
1429		121519		49431653		47827
1430		121519		49431653		47827
1431		121519		49431653		47827
1432		121519		49431653		47827
1433		121519		49431653		47827
1434		121519		49431653		47827
1435		121519		49431653		47827
1436		121519		49431653		47827
1437		121519		49431653		47827
1438		121519		49431653		47827
1439		121519		49431653		47827
1440		121519		49431653		47827
1441		121519		49431653		47827
1442		121519		49431653		47827
1443		121519		49431653		47827
1444		121519		49431653		47827
1445		121519		49431653		47827
1446		121519		49431653		47827
1447		121519		49431653		47827
1448		121519		49431653		47827
1449		121519		49431653		47827
1450		121519		49431653		47827
1451		121519		49431653		47827
1452		121519		49431653		47827
1453		121519		49431653		47827
1454		121519		49431653		47827
1455		121519		49431653		47827
1456		121519		49431653		47827
1457		121519		49431653		47827
1458		121519		49431653		47827
1459		121519		49431653		47827
1460		121519		49431653		47827
1461		121519		49431653		47827
1462		121519		49431653		47827
1463		121519		49431653		47827
1464		121519		49431653		47827
1465		121519		49431653		47827
1466		121519		49431653		47827
1467		121519		49431653		47827
1468		121519		49431653		47827
1469		121519		49431653		47827
1470		121519		49431653		47827
1471		121519		49431653		47827
1472		121519		49431653		47827
1473		121519		49431653		47827
1474		121519		49431653		47827
1475		121519		49431653		47827
1476		121519		49431653		47827
1477		121519		49431653		47827
1478		121519		49431653		47827
1479		121519		49431653		47827
1480		121519		49431653		47827
1481		121519		49431653		47827
1482		121519		49431653		47827
1483		121519		49431653		47827
1484		121519		49431653		47827
1485		121519		49431653		47827
1486		121519		49431653		47827
1487		121519		49431653		47827
1488		121519		49431653		47827
1489		121519		49431653		47827
1490		121519		49431653		47827
1491		121519		49431653		47827
1492		121519		49431653		47827
1493		121519		49431653		47827
1494		121519		49431653		47827
1495		121519		49431653		47827
1496		121519		49431653		47827
1497		121519		49431653		47827
1498		121519		49431653		47827
1499		121519		49431653		47827
