# Migration is number of nodes that have changed color.

Round		Edge-Cut		Swaps		Migrations		Skipped
0		97321		1326		1609
1		75995		1835		1781
2		64668		2123		1857
3		60069		2276		1892
4		57381		2371		1904
5		55446		2441		1913
6		53733		2513		1936
7		52736		2556		1953
8		51432		2598		1962
9		51057		2626		1962
10		50047		2657		1960
11		49229		2695		1967
12		48893		2713		1972
13		48422		2733		1975
14		48155		2751		1971
15		47889		2764		1971
16		47684		2778		1980
17		47546		2784		1982
18		47147		2806		1988
19		47054		2819		1990
20		46918		2828		1991
21		46710		2843		1991
22		46505		2858		1985
23		46228		2876		1986
24		45942		2894		1984
25		45781		2903		1986
26		45626		2910		1987
27		45503		2917		1986
28		45483		2921		1988
29		45386		2929		1991
30		45295		2939		1993
31		45199		2944		1998
32		45092		2950		1996
33		45058		2956		1998
34		45019		2961		1997
35		44960		2969		1998
36		44883		2974		1995
37		44877		2975		1996
38		44859		2977		1995
39		44787		2982		1995
40		44704		2986		1998
41		44596		2992		1998
42		44537		2997		1997
43		44452		3002		2000
44		44361		3007		2001
45		44358		3011		2001
46		44342		3013		1999
47		44304		3019		1998
48		44292		3021		1998
49		44292		3021		1998
50		44149		3024		1997
51		44141		3026		1994
52		44140		3027		1994
53		44136		3030		1994
54		44030		3035		1994
55		44020		3037		1993
56		44013		3039		1994
57		43940		3046		1995
58		43884		3048		1995
59		43876		3051		1991
60		43876		3051		1991
61		43871		3052		1991
62		43871		3052		1991
63		43870		3053		1990
64		43806		3056		1989
65		43782		3062		1991
66		43723		3066		1992
67		43653		3071		1991
68		43652		3072		1990
69		43652		3072		1990
70		43639		3074		1991
71		43636		3075		1990
72		43629		3076		1990
73		43629		3076		1990
74		43611		3077		1990
75		43555		3079		1991
76		43555		3079		1991
77		43540		3082		1995
78		43538		3083		1994
79		43482		3085		1996
80		43457		3086		1995
81		43423		3087		1996
82		43421		3088		1996
83		43421		3088		1996
84		43406		3090		1995
85		43406		3090		1995
86		43396		3091		1997
87		43396		3091		1997
88		43396		3091		1997
89		43327		3093		1998
90		43327		3093		1998
91		43327		3093		1998
92		43327		3093		1998
93		43322		3094		2000
94		43322		3094		2000
95		43306		3095		2001
96		43303		3096		2002
97		43261		3098		2003
98		43248		3101		2003
99		43236		3103		2004
100		43236		3103		2004
101		43236		3103		2004
102		43226		3104		2005
103		43226		3104		2005
104		43180		3106		2006
105		43180		3106		2006
106		43180		3106		2006
107		43153		3108		2006
108		43152		3109		2006
109		43152		3109		2006
110		43130		3112		2005
111		43130		3112		2005
112		43126		3114		2006
113		43125		3115		2007
114		43110		3120		2006
115		43110		3120		2006
116		43100		3122		2006
117		43100		3122		2006
118		43100		3122		2006
119		43092		3124		2006
120		43092		3124		2006
121		43092		3124		2006
122		43092		3124		2006
123		43080		3127		2003
124		43080		3127		2003
125		43080		3127		2003
126		43073		3128		2005
127		43073		3128		2005
128		43059		3130		2004
129		43038		3131		2005
130		43034		3132		2005
131		43029		3133		2005
132		43029		3133		2005
133		43029		3133		2005
134		43020		3135		2005
135		43020		3135		2005
136		42999		3137		2003
137		42999		3137		2003
138		42995		3139		2002
139		42990		3141		2002
140		42990		3141		2002
141		42983		3143		2001
142		42983		3143		2001
143		42983		3143		2001
144		42980		3144		1999
145		42974		3146		1999
146		42974		3146		1999
147		42974		3146		1999
148		42974		3146		1999
149		42974		3146		1999
150		42963		3147		2000
151		42960		3148		2000
152		42960		3148		2000
153		42960		3148		2000
154		42958		3149		2001
155		42958		3149		2001
156		42956		3150		2002
157		42956		3150		2002
158		42950		3151		2003
159		42950		3151		2003
160		42950		3151		2003
161		42950		3151		2003
162		42950		3151		2003
163		42950		3151		2003
164		42950		3151		2003
165		42950		3151		2003
166		42950		3151		2003
167		42950		3151		2003
168		42950		3151		2003
169		42950		3151		2003
170		42950		3151		2003
171		42950		3151		2003
172		42950		3151		2003
173		42950		3151		2003
174		42947		3152		2004
175		42947		3152		2004
176		42947		3152		2004
177		42939		3153		2004
178		42939		3153		2004
179		42938		3154		2004
180		42903		3156		2005
181		42903		3156		2005
182		42903		3156		2005
183		42903		3156		2005
184		42903		3156		2005
185		42901		3157		2006
186		42901		3157		2006
187		42901		3157		2006
188		42901		3157		2006
189		42884		3158		2006
190		42884		3158		2006
191		42884		3158		2006
192		42884		3158		2006
193		42884		3158		2006
194		42884		3158		2006
195		42884		3158		2006
196		42884		3158		2006
197		42884		3158		2006
198		42884		3158		2006
199		42880		3159		2006
200		42880		3159		2006
201		42880		3159		2006
202		42880		3159		2006
203		42880		3159		2006
204		42880		3159		2006
205		42877		3160		2006
206		42877		3160		2006
207		42877		3160		2006
208		42877		3160		2006
209		42877		3160		2006
210		42877		3160		2006
211		42877		3160		2006
212		42877		3160		2006
213		42844		3161		2005
214		42844		3161		2005
215		42844		3161		2005
216		42842		3162		2005
217		42842		3162		2005
218		42842		3162		2005
219		42842		3162		2005
220		42842		3162		2005
221		42842		3162		2005
222		42842		3162		2005
223		42842		3162		2005
224		42842		3162		2005
225		42842		3162		2005
226		42842		3162		2005
227		42841		3163		2005
228		42841		3163		2005
229		42840		3164		2004
230		42840		3164		2004
231		42840		3164		2004
232		42840		3164		2004
233		42839		3165		2004
234		42831		3166		2004
235		42831		3166		2004
236		42826		3168		2003
237		42826		3168		2003
238		42826		3168		2003
239		42826		3168		2003
240		42826		3168		2003
241		42822		3170		2003
242		42822		3170		2003
243		42822		3170		2003
244		42822		3170		2003
245		42822		3170		2003
246		42822		3170		2003
247		42822		3170		2003
248		42822		3170		2003
249		42822		3170		2003
250		42822		3170		2003
251		42787		3171		2004
252		42787		3171		2004
253		42787		3171		2004
254		42787		3171		2004
255		42787		3171		2004
256		42787		3171		2004
257		42787		3171		2004
258		42787		3171		2004
259		42787		3171		2004
260		42787		3171		2004
261		42787		3171		2004
262		42787		3171		2004
263		42787		3171		2004
264		42787		3171		2004
265		42787		3171		2004
266		42787		3171		2004
267		42787		3171		2004
268		42787		3171		2004
269		42787		3171		2004
270		42787		3171		2004
271		42771		3172		2004
272		42756		3173		2006
273		42756		3173		2006
274		42756		3173		2006
275		42756		3173		2006
276		42665		3174		2007
277		42665		3174		2007
278		42665		3174		2007
279		42665		3174		2007
280		42648		3175		2007
281		42648		3175		2007
282		42648		3175		2007
283		42648		3175		2007
284		42648		3175		2007
285		42648		3175		2007
286		42648		3175		2007
287		42648		3175		2007
288		42648		3175		2007
289		42648		3175		2007
290		42648		3175		2007
291		42648		3175		2007
292		42645		3176		2007
293		42644		3177		2007
294		42638		3178		2007
295		42638		3178		2007
296		42638		3178		2007
297		42638		3178		2007
298		42638		3178		2007
299		42638		3178		2007
300		42638		3178		2007
301		42638		3178		2007
302		42638		3178		2007
303		42638		3178		2007
304		42638		3178		2007
305		42638		3178		2007
306		42638		3178		2007
307		42638		3178		2007
308		42638		3178		2007
309		42638		3178		2007
310		42638		3178		2007
311		42638		3178		2007
312		42638		3178		2007
313		42638		3178		2007
314		42638		3178		2007
315		42638		3178		2007
316		42638		3178		2007
317		42638		3178		2007
318		42638		3178		2007
319		42630		3179		2006
320		42630		3179		2006
321		42630		3179		2006
322		42630		3179		2006
323		42630		3179		2006
324		42630		3179		2006
325		42630		3179		2006
326		42630		3179		2006
327		42630		3179		2006
328		42630		3179		2006
329		42630		3179		2006
330		42630		3179		2006
331		42630		3179		2006
332		42630		3179		2006
333		42630		3179		2006
334		42630		3179		2006
335		42630		3179		2006
336		42628		3180		2006
337		42628		3180		2006
338		42628		3180		2006
339		42628		3180		2006
340		42628		3180		2006
341		42628		3180		2006
342		42628		3180		2006
343		42628		3180		2006
344		42628		3180		2006
345		42628		3180		2006
346		42628		3180		2006
347		42628		3180		2006
348		42628		3180		2006
349		42628		3180		2006
350		42628		3180		2006
351		42628		3180		2006
352		42628		3180		2006
353		42628		3180		2006
354		42628		3181		2008
355		42628		3181		2008
356		42628		3181		2008
357		42628		3181		2008
358		42628		3181		2008
359		42628		3181		2008
360		42628		3181		2008
361		42628		3181		2008
362		42628		3181		2008
363		42628		3181		2008
364		42628		3181		2008
365		42628		3181		2008
366		42628		3181		2008
367		42628		3181		2008
368		42628		3181		2008
369		42628		3181		2008
370		42628		3181		2008
371		42628		3181		2008
372		42628		3181		2008
373		42628		3181		2008
374		42620		3182		2008
375		42620		3182		2008
376		42620		3182		2008
377		42620		3182		2008
378		42620		3182		2008
379		42620		3182		2008
380		42620		3182		2008
381		42620		3182		2008
382		42620		3182		2008
383		42620		3182		2008
384		42620		3182		2008
385		42620		3182		2008
386		42620		3182		2008
387		42620		3182		2008
388		42620		3182		2008
389		42620		3182		2008
390		42620		3182		2008
391		42620		3182		2008
392		42620		3182		2008
393		42620		3182		2008
394		42620		3182		2008
395		42620		3182		2008
396		42620		3182		2008
397		42620		3182		2008
398		42620		3182		2008
399		42620		3182		2008
400		42620		3182		2008
401		42613		3183		2008
402		42613		3183		2008
403		42613		3183		2008
404		42613		3183		2008
405		42613		3183		2008
406		42613		3183		2008
407		42613		3183		2008
408		42613		3183		2008
409		42613		3183		2008
410		42613		3183		2008
411		42613		3183		2008
412		42613		3183		2008
413		42613		3183		2008
414		42613		3183		2008
415		42613		3183		2008
416		42613		3183		2008
417		42613		3183		2008
418		42613		3183		2008
419		42613		3183		2008
420		42613		3183		2008
421		42613		3183		2008
422		42613		3183		2008
423		42613		3183		2008
424		42613		3183		2008
425		42600		3184		2009
426		42600		3184		2009
427		42600		3184		2009
428		42600		3184		2009
429		42600		3184		2009
430		42600		3184		2009
431		42600		3184		2009
432		42600		3184		2009
433		42600		3184		2009
434		42600		3184		2009
435		42600		3184		2009
436		42600		3184		2009
437		42600		3184		2009
438		42600		3184		2009
439		42600		3184		2009
440		42600		3184		2009
441		42600		3184		2009
442		42600		3184		2009
443		42598		3185		2007
444		42598		3185		2007
445		42598		3185		2007
446		42598		3185		2007
447		42598		3185		2007
448		42598		3185		2007
449		42598		3185		2007
450		42598		3185		2007
451		42598		3185		2007
452		42598		3185		2007
453		42598		3185		2007
454		42598		3185		2007
455		42598		3185		2007
456		42598		3185		2007
457		42598		3185		2007
458		42598		3185		2007
459		42598		3185		2007
460		42598		3185		2007
461		42598		3185		2007
462		42598		3185		2007
463		42595		3186		2009
464		42595		3186		2009
465		42595		3186		2009
466		42595		3186		2009
467		42595		3186		2009
468		42595		3186		2009
469		42595		3186		2009
470		42595		3186		2009
471		42595		3186		2009
472		42595		3186		2009
473		42595		3186		2009
474		42595		3186		2009
475		42595		3186		2009
476		42595		3186		2009
477		42595		3186		2009
478		42595		3186		2009
479		42595		3186		2009
480		42595		3186		2009
481		42595		3186		2009
482		42595		3186		2009
483		42595		3186		2009
484		42595		3186		2009
485		42595		3186		2009
486		42595		3186		2009
487		42595		3186		2009
488		42595		3186		2009
489		42595		3186		2009
490		42595		3186		2009
491		42595		3186		2009
492		42595		3186		2009
493		42595		3186		2009
494		42589		3187		2009
495		42589		3187		2009
496		42589		3187		2009
497		42589		3187		2009
498		42589		3187		2009
499		42589		3187		2009
500		42588		3188		2009
501		42588		3188		2009
502		42588		3188		2009
503		42588		3188		2009
504		42588		3188		2009
505		42588		3188		2009
506		42588		3188		2009
507		42588		3188		2009
508		42588		3188		2009
509		42588		3188		2009
510		42588		3188		2009
511		42588		3188		2009
512		42588		3188		2009
513		42588		3188		2009
514		42588		3188		2009
515		42586		3189		2008
516		42586		3189		2008
517		42586		3189		2008
518		42586		3189		2008
519		42586		3189		2008
520		42586		3189		2008
521		42586		3189		2008
522		42586		3189		2008
523		42586		3189		2008
524		42586		3189		2008
525		42586		3189		2008
526		42586		3189		2008
527		42586		3189		2008
528		42586		3189		2008
529		42586		3189		2008
530		42586		3189		2008
531		42586		3189		2008
532		42586		3189		2008
533		42586		3189		2008
534		42586		3189		2008
535		42586		3189		2008
536		42586		3189		2008
537		42586		3189		2008
538		42586		3189		2008
539		42586		3189		2008
540		42586		3189		2008
541		42586		3189		2008
542		42586		3189		2008
543		42586		3189		2008
544		42586		3189		2008
545		42586		3189		2008
546		42586		3189		2008
547		42586		3189		2008
548		42586		3189		2008
549		42586		3189		2008
550		42586		3189		2008
551		42586		3189		2008
552		42586		3189		2008
553		42586		3189		2008
554		42586		3189		2008
555		42586		3189		2008
556		42586		3189		2008
557		42586		3189		2008
558		42586		3189		2008
559		42586		3189		2008
560		42586		3189		2008
561		42586		3189		2008
562		42586		3189		2008
563		42586		3189		2008
564		42586		3189		2008
565		42586		3189		2008
566		42586		3189		2008
567		42586		3189		2008
568		42586		3189		2008
569		42586		3189		2008
570		42586		3189		2008
571		42586		3189		2008
572		42586		3189		2008
573		42586		3189		2008
574		42586		3189		2008
575		42586		3189		2008
576		42586		3189		2008
577		42586		3189		2008
578		42586		3189		2008
579		42586		3189		2008
580		42586		3189		2008
581		42586		3189		2008
582		42586		3189		2008
583		42586		3189		2008
584		42586		3189		2008
585		42586		3189		2008
586		42586		3189		2008
587		42586		3189		2008
588		42586		3189		2008
589		42586		3189		2008
590		42586		3189		2008
591		42586		3189		2008
592		42586		3189		2008
593		42586		3189		2008
594		42586		3189		2008
595		42586		3189		2008
596		42586		3189		2008
597		42586		3189		2008
598		42586		3189		2008
599		42586		3189		2008
600		42586		3189		2008
601		42586		3189		2008
602		42586		3189		2008
603		42586		3189		2008
604		42586		3189		2008
605		42586		3189		2008
606		42586		3189		2008
607		42586		3189		2008
608		42586		3189		2008
609		42586		3189		2008
610		42586		3189		2008
611		42586		3189		2008
612		42586		3189		2008
613		42586		3189		2008
614		42586		3189		2008
615		42586		3189		2008
616		42586		3189		2008
617		42586		3189		2008
618		42586		3189		2008
619		42586		3189		2008
620		42586		3189		2008
621		42586		3189		2008
622		42586		3189		2008
623		42586		3189		2008
624		42586		3189		2008
625		42586		3189		2008
626		42586		3189		2008
627		42586		3189		2008
628		42586		3189		2008
629		42586		3189		2008
630		42586		3189		2008
631		42586		3189		2008
632		42586		3189		2008
633		42586		3189		2008
634		42586		3189		2008
635		42586		3189		2008
636		42586		3189		2008
637		42586		3189		2008
638		42586		3189		2008
639		42586		3189		2008
640		42586		3189		2008
641		42586		3189		2008
642		42586		3189		2008
643		42586		3189		2008
644		42586		3189		2008
645		42586		3189		2008
646		42586		3189		2008
647		42586		3189		2008
648		42586		3189		2008
649		42586		3189		2008
650		42586		3189		2008
651		42586		3189		2008
652		42586		3189		2008
653		42586		3189		2008
654		42586		3189		2008
655		42586		3189		2008
656		42586		3189		2008
657		42586		3189		2008
658		42586		3189		2008
659		42586		3189		2008
660		42586		3189		2008
661		42586		3189		2008
662		42586		3189		2008
663		42586		3189		2008
664		42586		3189		2008
665		42586		3189		2008
666		42586		3189		2008
667		42586		3189		2008
668		42586		3189		2008
669		42586		3189		2008
670		42586		3189		2008
671		42586		3189		2008
672		42586		3189		2008
673		42586		3189		2008
674		42586		3189		2008
675		42586		3189		2008
676		42586		3189		2008
677		42586		3189		2008
678		42586		3189		2008
679		42586		3189		2008
680		42586		3189		2008
681		42586		3189		2008
682		42586		3189		2008
683		42586		3189		2008
684		42586		3189		2008
685		42586		3189		2008
686		42586		3189		2008
687		42586		3189		2008
688		42586		3189		2008
689		42586		3189		2008
690		42586		3189		2008
691		42586		3189		2008
692		42586		3189		2008
693		42586		3189		2008
694		42586		3189		2008
695		42586		3189		2008
696		42586		3189		2008
697		42586		3189		2008
698		42586		3189		2008
699		42586		3189		2008
700		42586		3189		2008
701		42586		3189		2008
702		42586		3189		2008
703		42586		3189		2008
704		42586		3189		2008
705		42586		3189		2008
706		42586		3189		2008
707		42586		3189		2008
708		42558		3190		2007
709		42558		3190		2007
710		42558		3190		2007
711		42558		3190		2007
712		42558		3190		2007
713		42558		3190		2007
714		42558		3190		2007
715		42558		3190		2007
716		42558		3190		2007
717		42558		3190		2007
718		42558		3190		2007
719		42558		3190		2007
720		42558		3190		2007
721		42558		3190		2007
722		42558		3190		2007
723		42558		3190		2007
724		42558		3190		2007
725		42558		3190		2007
726		42558		3190		2007
727		42558		3190		2007
728		42558		3190		2007
729		42558		3190		2007
730		42558		3190		2007
731		42558		3190		2007
732		42558		3190		2007
733		42558		3190		2007
734		42558		3190		2007
735		42558		3190		2007
736		42558		3190		2007
737		42558		3190		2007
738		42558		3190		2007
739		42558		3190		2007
740		42558		3190		2007
741		42558		3190		2007
742		42558		3190		2007
743		42558		3190		2007
744		42558		3190		2007
745		42558		3190		2007
746		42558		3190		2007
747		42558		3190		2007
748		42558		3190		2007
749		42558		3190		2007
750		42558		3190		2007
751		42558		3190		2007
752		42558		3190		2007
753		42558		3190		2007
754		42558		3190		2007
755		42558		3190		2007
756		42558		3190		2007
757		42558		3190		2007
758		42558		3190		2007
759		42558		3190		2007
760		42558		3190		2007
761		42558		3190		2007
762		42542		3191		2008
763		42542		3191		2008
764		42542		3191		2008
765		42542		3191		2008
766		42542		3191		2008
767		42542		3191		2008
768		42542		3191		2008
769		42542		3191		2008
770		42542		3191		2008
771		42542		3191		2008
772		42542		3191		2008
773		42542		3191		2008
774		42542		3191		2008
775		42542		3191		2008
776		42542		3191		2008
777		42542		3191		2008
778		42542		3191		2008
779		42542		3191		2008
780		42542		3191		2008
781		42542		3191		2008
782		42542		3191		2008
783		42542		3191		2008
784		42542		3191		2008
785		42542		3191		2008
786		42542		3191		2008
787		42542		3191		2008
788		42542		3191		2008
789		42542		3191		2008
790		42542		3191		2008
791		42542		3191		2008
792		42542		3191		2008
793		42542		3191		2008
794		42542		3191		2008
795		42542		3191		2008
796		42542		3191		2008
797		42542		3191		2008
798		42542		3191		2008
799		42542		3191		2008
800		42542		3191		2008
801		42542		3191		2008
802		42542		3191		2008
803		42542		3191		2008
804		42542		3191		2008
805		42542		3191		2008
806		42542		3191		2008
807		42542		3191		2008
808		42542		3191		2008
809		42542		3191		2008
810		42542		3191		2008
811		42542		3191		2008
812		42542		3191		2008
813		42542		3191		2008
814		42542		3191		2008
815		42542		3191		2008
816		42542		3191		2008
817		42542		3191		2008
818		42542		3191		2008
819		42542		3191		2008
820		42542		3191		2008
821		42542		3191		2008
822		42542		3191		2008
823		42542		3191		2008
824		42542		3191		2008
825		42542		3191		2008
826		42542		3191		2008
827		42542		3191		2008
828		42542		3191		2008
829		42542		3191		2008
830		42542		3191		2008
831		42542		3191		2008
832		42542		3191		2008
833		42542		3191		2008
834		42542		3191		2008
835		42542		3191		2008
836		42542		3191		2008
837		42542		3191		2008
838		42542		3191		2008
839		42542		3191		2008
840		42515		3192		2009
841		42515		3192		2009
842		42515		3192		2009
843		42515		3192		2009
844		42515		3192		2009
845		42515		3192		2009
846		42515		3192		2009
847		42515		3192		2009
848		42515		3192		2009
849		42515		3192		2009
850		42515		3192		2009
851		42515		3192		2009
852		42515		3192		2009
853		42515		3192		2009
854		42515		3192		2009
855		42515		3192		2009
856		42515		3192		2009
857		42515		3192		2009
858		42515		3192		2009
859		42515		3192		2009
860		42515		3192		2009
861		42515		3192		2009
862		42515		3192		2009
863		42515		3192		2009
864		42515		3192		2009
865		42515		3192		2009
866		42515		3192		2009
867		42515		3192		2009
868		42515		3192		2009
869		42515		3192		2009
870		42515		3192		2009
871		42515		3192		2009
872		42515		3192		2009
873		42515		3192		2009
874		42515		3192		2009
875		42515		3192		2009
876		42515		3192		2009
877		42515		3192		2009
878		42515		3192		2009
879		42515		3192		2009
880		42515		3192		2009
881		42515		3192		2009
882		42515		3192		2009
883		42515		3192		2009
884		42515		3192		2009
885		42515		3192		2009
886		42515		3192		2009
887		42515		3192		2009
888		42515		3192		2009
889		42515		3192		2009
890		42515		3192		2009
891		42515		3192		2009
892		42515		3192		2009
893		42515		3192		2009
894		42515		3192		2009
895		42515		3192		2009
896		42515		3192		2009
897		42515		3192		2009
898		42515		3192		2009
899		42515		3192		2009
900		42515		3192		2009
901		42515		3192		2009
902		42515		3192		2009
903		42515		3192		2009
904		42515		3192		2009
905		42515		3192		2009
906		42515		3192		2009
907		42515		3192		2009
908		42515		3192		2009
909		42515		3192		2009
910		42515		3192		2009
911		42515		3192		2009
912		42515		3192		2009
913		42515		3192		2009
914		42515		3192		2009
915		42515		3192		2009
916		42515		3192		2009
917		42515		3192		2009
918		42515		3192		2009
919		42515		3192		2009
920		42515		3192		2009
921		42515		3192		2009
922		42515		3192		2009
923		42515		3192		2009
924		42515		3192		2009
925		42515		3192		2009
926		42515		3192		2009
927		42515		3192		2009
928		42515		3192		2009
929		42515		3192		2009
930		42515		3192		2009
931		42515		3192		2009
932		42515		3192		2009
933		42515		3192		2009
934		42515		3192		2009
935		42515		3192		2009
936		42515		3192		2009
937		42515		3192		2009
938		42515		3192		2009
939		42515		3192		2009
940		42515		3192		2009
941		42515		3192		2009
942		42515		3192		2009
943		42515		3192		2009
944		42515		3192		2009
945		42515		3192		2009
946		42515		3192		2009
947		42515		3192		2009
948		42515		3192		2009
949		42515		3192		2009
950		42515		3192		2009
951		42515		3192		2009
952		42515		3192		2009
953		42515		3192		2009
954		42515		3192		2009
955		42515		3192		2009
956		42515		3192		2009
957		42515		3192		2009
958		42515		3192		2009
959		42515		3192		2009
960		42515		3192		2009
961		42515		3192		2009
962		42515		3192		2009
963		42515		3192		2009
964		42515		3192		2009
965		42515		3192		2009
966		42515		3192		2009
967		42515		3192		2009
968		42515		3192		2009
969		42515		3192		2009
970		42515		3192		2009
971		42515		3192		2009
972		42515		3192		2009
973		42515		3192		2009
974		42515		3192		2009
975		42515		3192		2009
976		42515		3192		2009
977		42515		3192		2009
978		42515		3192		2009
979		42515		3192		2009
980		42515		3192		2009
981		42515		3192		2009
982		42515		3192		2009
983		42515		3192		2009
984		42515		3192		2009
985		42515		3192		2009
986		42515		3192		2009
987		42515		3192		2009
988		42515		3192		2009
989		42515		3192		2009
990		42515		3192		2009
991		42515		3192		2009
992		42515		3192		2009
993		42515		3192		2009
994		42515		3192		2009
995		42515		3192		2009
996		42515		3192		2009
997		42515		3192		2009
998		42515		3192		2009
999		42515		3192		2009
